566.67,3,4,2,1,5,4,3,2,3,3,4
2000,4,4,2,3,3,3,3,3,3,3,1
3800,4,4,2,3,3,4,3,3,3,3,1
6000,4,4,2,4,7,4,3,3,3,3,4
3333.3,4,4,2,3,3,3,3,3,3,3,4
1500,4,3,2,4,1,3,3,3,3,3,1
1500,4,4,2,4,6,4,3,3,3,3,1
2000,4,4,2,4,6,2,3,3,3,3,3
12333,4,4,2,4,7,4,3,3,3,3,3
8000,4,4,2,4,7,4,3,3,3,3,2
2000,4,4,2,3,4,4,3,3,3,3,3
2125,4,4,2,3,6,4,3,3,3,3,4
1150,2,2,2,3,4,2,2,3,3,3,4
2100,4,4,2,4,5,2,3,3,3,3,2
2500,4,4,2,4,7,4,3,3,3,3,2
1500,4,4,2,4,6,4,3,3,3,3,1
6000,4,4,2,4,7,4,3,3,3,3,2
5400,4,4,2,4,3,4,3,3,3,3,3
500,4,4,2,3,3,4,3,3,3,3,1
1600,4,4,2,4,3,4,3,3,3,3,1
4100,3,4,2,3,7,4,3,3,3,3,4
1625,4,4,2,4,5,4,3,3,3,3,4
596,4,1,2,1,3,2,2,3,2,3,1
1740,4,4,2,3,4,4,3,3,3,3,4
4000,4,4,2,4,7,4,3,3,3,3,2
2333.3,4,4,2,4,7,4,3,3,3,3,3
1780,4,4,2,4,7,3,3,3,3,3,3
2000,4,4,2,4,6,4,3,3,3,3,1
1580,4,4,2,2,3,4,3,3,3,3,1
2500,4,4,2,4,5,4,3,3,3,3,2
4050,4,4,2,4,5,4,3,3,3,3,1
12900,4,3,2,4,6,4,3,3,3,3,1
716.67,4,4,2,3,3,4,3,3,3,3,2
1223.3,4,3,2,4,2,4,3,3,3,3,1
2500,2,4,2,4,5,4,3,3,3,3,2
9500,4,4,2,4,7,4,3,3,3,3,4
2266.7,4,3,2,3,2,4,3,3,3,3,1
1360,4,4,2,2,4,4,3,3,3,3,1
2500,4,4,2,4,6,4,3,3,3,3,1
1713.3,4,3,2,4,3,4,3,3,3,3,1
4000,4,4,2,4,5,4,3,3,3,3,4
3000,4,4,2,3,4,3,3,3,3,3,2
1500,2,4,2,4,6,4,3,3,3,3,4
6500,4,4,2,4,5,4,3,3,3,3,3
10000,4,4,2,4,4,3,3,3,3,3,4
840,4,4,2,4,5,3,3,3,3,3,2
1800,4,4,2,3,5,4,3,3,3,3,2
800,4,4,2,4,3,4,3,3,3,3,1
1133.3,4,2,2,3,3,4,3,3,3,3,1
1833.3,4,4,2,4,2,4,3,3,3,3,1
900,4,4,2,3,3,4,3,3,3,3,3
4500,4,4,2,4,7,4,3,3,3,3,3
1900,3,4,2,3,3,3,3,3,3,3,4
900,4,4,2,4,5,3,3,3,3,3,1
3000,4,4,2,4,5,4,3,3,3,3,1
1450,4,4,2,4,5,3,3,3,3,2,1
1600,4,4,2,3,5,3,3,3,3,3,3
1333.3,4,4,2,4,7,4,3,3,3,3,4
4680,4,4,2,4,6,4,3,3,3,3,4
1840,4,4,2,4,6,4,3,3,3,3,1
750,4,4,2,3,5,4,3,3,3,3,4
2500,4,4,2,4,7,3,2,3,3,3,2
688,4,4,2,1,3,4,3,3,3,3,2
8000,4,4,2,4,7,4,3,3,3,3,1
1800,4,1,2,3,3,4,3,3,3,3,2
435,2,2,2,3,4,3,3,3,3,3,1
2500,3,4,2,4,6,4,3,3,3,3,4
974,4,4,2,4,4,4,3,3,3,3,1
1666.7,2,4,2,4,4,3,3,3,3,3,3
2300,4,4,2,4,3,3,3,3,3,3,1
3000,4,4,2,4,6,4,3,3,3,3,1
2000,4,4,2,4,6,4,3,3,3,3,1
1362.5,4,3,2,4,3,3,3,3,3,3,1
2500,4,4,2,4,3,3,3,3,3,3,1
2433.3,4,2,2,4,2,4,3,3,3,3,1
1800,4,2,2,3,3,3,3,3,3,3,1
4333.3,3,3,2,4,3,3,3,3,3,3,4
3000,4,4,2,4,4,2,3,3,3,3,3
1500,4,4,2,4,3,3,3,3,3,3,1
3750,4,4,2,4,7,4,3,3,3,3,1
1635,4,4,2,4,5,4,3,3,3,3,4
1680,4,4,2,4,3,4,3,3,3,3,2
730,4,4,2,1,4,4,3,3,3,3,1
1080,4,4,2,3,4,4,3,3,3,3,2
2000,4,4,2,4,5,4,3,3,3,3,4
2360,4,4,2,3,5,4,3,3,3,3,3
1150,4,2,2,1,2,1,2,3,2,3,2
2000,4,4,2,4,3,4,3,3,3,3,1
2200,4,4,2,3,7,3,2,3,2,3,1
1166.7,4,4,2,2,5,4,3,3,3,3,2
600,4,4,2,4,3,2,3,3,3,3,2
591.67,4,4,2,1,5,2,3,3,3,3,4
3000,4,4,2,4,2,4,3,3,3,3,2
536,4,4,2,2,4,4,3,3,3,3,4
1160,4,4,2,3,6,4,3,3,3,3,2
1795,4,3,2,3,3,4,3,3,3,3,2
1366.7,3,4,2,2,2,4,3,3,3,3,2
3500,4,4,2,3,6,4,3,3,3,3,2
1000,4,2,2,3,3,4,3,3,3,3,1
1416.7,4,4,2,3,6,4,3,3,3,3,4
4233.3,4,4,2,4,5,4,3,3,3,3,1
6000,4,4,2,4,3,4,3,3,3,3,1
1500,4,3,2,4,2,4,3,3,3,3,1
2325,4,2,2,4,2,3,3,3,3,3,2
1588,4,2,2,1,3,4,3,3,2,3,4
15000,3,4,2,4,7,4,3,3,3,3,4
880,2,4,2,2,4,4,3,3,3,3,1
5500,4,3,2,4,7,4,3,3,3,3,3
3500,4,4,2,4,2,4,3,3,3,3,1
3350,4,4,2,4,3,4,3,3,3,3,1
2875,4,3,2,3,4,4,3,3,3,3,3
2333.3,4,4,2,2,4,4,3,3,3,3,4
2000,4,4,2,4,4,4,3,3,3,3,1
2000,4,2,2,4,2,3,2,3,2,3,1
3000,4,4,2,3,5,4,3,3,3,3,1
1333.3,4,4,2,4,5,4,3,3,3,3,1
1680,4,3,2,4,3,3,3,3,3,3,1
2500,4,4,2,4,6,4,3,3,3,3,1
1000,4,4,2,3,5,3,3,3,3,3,3
3250,3,4,2,4,4,3,3,3,3,3,4
1850,4,3,2,4,3,3,3,3,3,3,2
1200,4,4,2,3,4,4,3,3,3,3,4
3200,4,4,2,4,2,4,3,3,3,3,1
140,4,3,2,3,5,2,3,3,3,3,2
2800,4,4,2,4,4,4,3,3,3,3,1
497.33,3,2,2,1,2,4,2,3,3,3,2
1800,4,4,2,3,3,4,3,3,3,3,1
5000,4,4,2,4,5,4,3,3,3,3,1
4000,4,4,2,4,5,4,3,3,3,3,1
1800,4,2,2,4,2,4,3,3,3,3,1
333.33,4,4,2,4,4,4,3,3,3,3,4
3000,3,4,2,4,5,4,3,3,3,3,4
633.33,4,4,2,3,6,4,3,3,3,3,4
2200,2,2,2,4,3,4,3,3,3,3,4
2800,4,2,2,4,5,4,3,3,3,3,1
1000,2,2,2,3,5,3,3,3,3,3,4
1400,3,4,2,3,3,4,3,1,3,3,1
3600,4,4,2,4,7,4,3,3,3,3,2
541.67,4,3,2,3,4,4,3,3,3,3,1
1428.6,2,3,2,3,7,4,3,3,3,3,4
2400,4,4,2,4,3,3,3,3,3,3,2
1000,3,4,2,1,6,4,3,3,3,3,1
4000,4,3,2,4,4,4,3,3,3,3,1
945,4,2,2,3,3,1,1,3,2,3,3
4000,4,4,2,4,5,4,3,3,3,3,2
2775,4,4,2,4,5,4,3,3,3,3,4
3053.3,3,4,2,4,5,4,3,3,3,3,4
3750,4,4,2,4,5,3,3,3,3,3,4
6000,4,4,2,4,7,4,3,3,3,3,4
1425,4,4,2,3,2,4,3,3,3,3,4
2500,4,4,2,4,7,4,3,3,3,3,3
3250,4,4,2,3,7,4,3,3,3,3,3
3200,3,4,2,4,7,4,3,3,3,3,1
5500,4,4,2,4,7,3,3,3,3,3,4
2500,4,4,2,4,3,3,3,3,3,3,1
7000,4,1,2,4,5,4,3,3,3,3,1
2100,4,4,2,4,5,4,3,3,3,3,1
1900,4,4,2,4,7,4,3,3,3,3,2
1836,4,4,2,3,3,4,3,3,3,3,4
2500,4,4,2,3,7,4,3,3,3,3,2
800,4,4,2,2,5,4,3,3,3,3,4
775,4,2,2,3,5,4,2,3,2,3,2
900,4,4,2,3,5,3,3,3,3,3,3
2000,4,4,2,3,5,4,3,3,3,3,2
1375,4,3,2,3,3,3,3,3,3,3,2
3500,4,4,2,4,7,4,3,3,3,3,1
500,4,4,2,2,3,4,3,3,3,3,2
350,2,3,2,4,3,4,3,3,3,3,1
2500,2,4,2,3,6,4,3,3,3,3,3
1560,4,4,2,3,7,4,3,3,3,3,4
1760,2,4,2,3,3,4,3,3,3,3,4
3000,4,4,2,4,7,4,3,3,3,3,4
833.33,4,4,2,4,5,4,3,3,3,3,4
362.5,4,4,2,4,4,2,3,3,3,3,2
1250,4,4,2,3,4,4,3,3,3,3,4
2333.3,4,4,2,4,6,4,3,3,3,3,3
3000,4,4,2,4,3,3,3,3,3,3,3
750,4,2,2,3,5,4,3,3,3,3,3
2833.3,4,4,2,4,5,3,3,3,3,3,3
1300,4,4,2,4,5,4,3,3,3,3,1
833.33,4,3,2,3,3,4,3,3,3,3,1
1000,2,4,2,3,5,4,3,3,3,3,3
600,4,4,2,4,5,4,3,3,3,3,2
2100,4,4,2,4,3,3,3,3,3,3,2
2500,3,4,2,4,6,4,3,3,3,3,1
1500,4,3,2,3,5,3,3,3,3,3,4
1166.7,4,4,2,3,5,4,3,3,3,3,4
2000,4,3,2,4,3,3,2,3,3,3,1
1560,4,4,2,4,5,3,3,3,3,3,4
5250,4,4,2,4,7,4,3,3,3,3,2
2340,4,4,2,3,3,4,3,3,3,3,1
625,3,2,2,3,5,4,3,3,3,3,4
2750,4,3,2,4,5,4,3,3,3,3,1
1716.7,4,4,2,3,3,4,3,3,3,3,1
750,3,4,2,4,3,4,3,3,3,3,2
700,4,2,2,2,2,4,3,3,3,3,1
1500,4,4,2,4,3,4,3,3,3,3,1
3500,4,4,2,4,7,4,3,3,3,3,2
4250,4,4,2,3,6,4,3,3,3,3,3
533.33,2,3,2,1,4,4,3,3,3,3,1
2200,4,4,2,4,5,4,3,3,3,3,1
4600,4,4,2,4,6,4,3,3,3,3,2
5200,4,4,2,4,4,4,3,3,3,3,1
1133.3,4,4,2,4,4,4,3,3,3,3,4
1266.7,4,4,2,3,6,4,3,3,3,3,1
1250,4,4,2,4,6,4,3,3,3,3,4
2166.7,2,4,2,4,5,4,3,3,3,3,4
5000,4,4,2,4,5,4,3,3,3,3,1
3750,4,4,2,3,7,4,3,3,3,3,4
3500,4,4,2,4,3,4,3,3,3,3,1
2226.7,4,4,2,3,5,4,3,3,3,3,1
500,4,4,2,3,5,3,3,2,3,3,2
1750,4,2,2,4,7,4,3,3,3,3,2
3000,4,4,2,4,4,4,3,3,3,3,2
636,4,4,2,3,3,3,3,3,3,3,1
543.64,3,4,2,3,4,4,3,3,3,3,1
1800,4,3,2,4,6,4,3,3,3,3,1
1850,4,3,2,4,5,3,3,3,2,3,2
735,4,4,2,4,4,4,3,3,3,3,2
1240,4,4,2,3,4,3,3,3,3,3,2
1133.3,4,4,2,3,3,4,3,3,3,3,1
2500,4,3,2,4,4,3,3,3,3,3,2
1113.3,4,4,2,3,3,4,3,3,3,3,4
2750,4,4,2,4,3,4,3,3,3,3,1
1333.3,3,4,2,4,1,4,3,3,3,3,2
8375,3,4,2,3,7,4,3,3,3,3,4
900,2,4,2,4,6,4,3,3,3,3,1
555,4,3,2,4,2,4,3,3,3,3,1
2750,4,4,2,3,7,4,3,3,3,3,2
1680,4,4,2,4,5,4,3,3,3,3,2
1400,4,4,2,4,6,4,3,3,3,3,1
1333.3,4,4,2,4,3,3,3,3,3,3,1
974,4,4,2,3,3,4,3,3,3,3,3
2900,4,4,2,4,7,4,3,3,3,3,2
733.33,4,4,2,4,6,4,3,3,3,3,1
3000,4,4,2,4,2,4,3,3,3,3,1
2000,4,4,2,4,2,4,3,3,3,3,1
500,4,4,2,3,6,4,3,3,3,3,4
2266.7,4,3,2,3,2,4,3,3,3,3,1
900,2,4,2,4,4,4,3,3,3,3,2
2000,4,3,2,3,3,4,3,3,3,3,1
2166.7,2,4,2,3,5,4,3,3,3,3,4
114.29,4,4,2,2,3,4,3,3,3,3,2
1500,2,4,2,4,7,4,3,3,3,3,4
1200,4,4,2,3,5,4,3,3,3,3,4
1075,4,2,2,1,3,1,1,3,2,3,2
500,2,4,2,4,5,4,3,3,3,3,3
2000,4,4,2,4,5,4,3,3,3,3,3
900,3,4,2,3,3,3,3,3,3,3,1
2500,4,4,2,4,5,4,3,3,3,3,4
2000,3,4,2,4,6,4,3,3,3,3,1
1200,4,4,2,4,3,4,3,3,3,3,4
7200,4,4,2,4,4,4,3,3,3,3,1
3750,4,4,2,4,3,3,3,3,3,3,1
1278.6,4,3,2,1,4,3,3,3,3,3,4
3000,4,4,2,4,6,4,3,3,3,3,3
1950,4,4,2,4,5,4,3,3,3,3,1
4000,4,4,2,3,6,4,3,3,3,3,2
1875,4,4,2,3,4,4,3,3,3,3,3
1900,4,4,2,3,5,4,3,3,3,3,4
2000,4,4,2,3,5,3,3,3,3,3,2
1000,4,4,2,4,6,4,3,3,3,3,1
1500,4,3,2,4,4,3,2,3,3,3,4
625,4,2,2,1,3,3,3,3,2,3,1
1650,4,2,2,4,3,4,3,3,3,3,4
600,4,4,2,3,3,4,3,3,3,3,4
2828.6,4,4,2,3,5,3,3,3,3,3,1
1166.7,4,3,2,4,5,3,2,3,2,3,4
0,4,4,2,4,5,4,3,3,3,3,1
2000,4,3,2,4,2,4,3,3,3,3,1
3400,4,4,2,4,5,4,3,3,3,3,1
440,4,4,2,3,4,4,3,3,3,3,4
2766.7,3,4,2,2,5,4,3,3,3,3,4
1642.9,4,4,2,3,3,3,3,3,3,3,2
1623.3,4,4,2,4,3,4,3,3,3,3,2
2000,4,4,2,4,2,4,3,3,3,3,1
928,4,3,2,3,3,3,2,3,3,3,3
1291.3,4,4,2,1,5,3,3,3,3,3,4
592,2,3,2,2,3,4,3,3,3,3,4
966.67,4,4,2,4,6,4,3,3,3,3,2
875,4,4,2,3,5,4,3,3,3,3,2
2000,4,3,3,3,4,4,3,2,3,3,4
2650,4,4,2,4,4,4,3,3,3,3,1
1560,4,4,2,3,5,4,3,3,3,3,2
1111.1,4,2,2,1,1,3,3,3,3,3,4
6000,4,4,2,3,6,4,3,3,3,3,3
2000,4,4,2,4,2,3,3,3,3,3,1
4000,4,4,2,4,7,4,3,3,3,3,1
935,4,4,2,3,5,4,3,3,3,3,2
1186.7,4,4,2,4,2,3,3,3,3,3,1
2000,2,3,2,3,2,1,1,3,2,3,1
4400,3,4,2,3,5,4,3,3,3,3,4
3500,4,3,2,4,3,4,3,3,3,3,1
1381.3,4,4,2,2,2,4,3,3,3,3,1
1750,4,4,2,4,7,4,3,3,3,3,2
6750,4,4,2,4,5,4,3,3,3,3,2
375,4,4,2,4,3,3,3,3,3,3,4
1750,4,2,2,2,4,3,3,3,3,3,4
501.11,4,4,2,3,3,4,3,3,3,3,2
1666.7,4,3,2,3,3,3,3,3,3,3,1
1000,4,4,2,3,6,3,3,3,3,3,2
4750,4,4,3,4,6,4,3,2,3,3,4
4600,3,4,2,4,2,4,3,3,3,3,1
1400,4,4,2,4,3,4,3,3,3,3,1
1480,4,4,2,4,5,4,3,3,3,3,3
6400,4,4,2,4,7,4,3,3,3,3,1
2400,4,4,2,4,2,4,3,3,3,3,1
800,2,4,2,4,3,3,3,3,3,3,1
1700,4,4,2,3,5,3,3,3,3,3,1
1133.3,4,4,2,3,4,4,3,3,3,3,1
1750,4,3,2,1,5,2,3,3,3,3,4
1375,4,3,2,1,4,3,3,3,3,3,3
2666.7,4,4,2,4,5,4,3,3,3,3,1
1583.3,4,4,2,3,5,4,3,3,3,3,4
1900,4,4,2,4,3,3,3,3,3,3,1
924.29,4,4,2,3,5,4,3,3,3,3,1
2095,4,4,2,4,3,3,3,3,3,3,1
1275,4,2,2,1,5,2,2,3,2,3,2
1800,2,4,2,4,3,3,3,3,3,3,1
833.33,4,4,2,3,5,4,3,3,3,3,3
2650,4,4,2,3,6,4,3,3,3,3,1
4500,4,4,2,4,7,4,3,3,3,3,1
2500,4,4,2,4,5,4,3,3,3,3,1
1933.3,4,4,2,4,6,3,3,3,3,3,1
2666.7,4,4,2,4,5,4,3,3,3,3,4
2557.1,3,4,2,4,7,4,3,3,3,3,1
3666.7,4,4,2,4,4,4,3,3,3,3,2
800,2,4,2,4,3,4,3,3,3,3,4
2250,4,2,2,4,7,4,3,3,3,3,1
5850,4,4,2,4,5,4,3,3,3,3,2
2000,4,4,2,4,6,3,3,3,3,3,1
1950,4,4,2,4,3,4,3,3,3,3,4
600,4,4,2,3,3,4,3,3,3,3,2
846.67,2,2,1,2,2,1,1,3,2,3,3
2200,4,4,2,4,2,3,3,3,3,3,3
6000,3,4,2,4,4,4,3,3,3,3,4
473.33,4,1,2,1,3,3,2,3,3,3,4
1150,3,4,2,3,4,4,3,3,3,3,4
1350,3,4,2,4,5,4,3,3,3,3,1
8666.7,4,4,2,4,7,4,3,3,3,3,3
2450,4,4,2,4,3,3,3,3,3,3,1
1666.7,4,4,2,3,3,4,3,3,3,3,1
3800,4,4,2,4,3,3,2,3,3,3,1
1466.7,4,4,2,4,5,4,3,3,3,3,1
1333.3,4,4,2,4,3,4,3,3,3,3,1
4600,4,4,2,3,5,2,3,3,3,3,1
2340,4,4,2,3,3,4,3,3,3,3,3
2400,4,4,2,4,2,3,3,3,3,3,2
3833.3,4,4,2,4,4,4,3,3,3,3,1
2750,2,4,2,4,7,4,3,3,3,3,2
368.57,4,4,2,3,5,4,3,3,3,3,1
1900,4,4,2,3,5,4,3,3,3,3,3
4500,4,4,2,4,6,4,3,3,3,3,4
5500,4,4,2,4,5,4,3,3,3,3,1
3500,4,4,2,4,6,4,3,3,3,3,3
3333.3,4,4,2,4,3,4,3,3,3,3,4
4666.7,4,4,2,4,6,3,3,3,3,3,3
2583.3,4,4,2,3,3,4,3,3,3,3,2
750,4,3,2,3,5,3,3,3,3,3,4
4400,4,4,2,4,4,3,3,3,3,3,2
3333.3,4,4,2,4,7,4,3,3,3,3,1
400,4,2,2,3,2,4,3,3,3,3,1
1800,2,3,2,4,3,4,3,3,3,3,1
2600,4,4,2,3,7,4,3,3,3,3,2
5000,4,4,2,4,5,4,3,3,3,3,4
2666.7,4,4,2,4,4,4,3,3,3,3,3
1200,4,4,2,4,5,4,3,3,3,3,2
2666.7,4,3,2,3,5,4,3,3,3,3,1
1166.7,4,4,2,3,5,4,3,3,3,3,1
1142.9,4,3,2,2,5,3,3,3,3,3,4
2600,4,4,2,4,5,4,3,3,3,3,1
1466.7,4,4,2,4,3,4,3,3,3,3,1
2633.3,4,4,2,4,5,3,3,3,3,3,3
2600,4,4,2,4,3,4,3,3,3,3,2
1066.7,4,3,2,4,2,3,2,3,2,3,1
2020,4,4,2,3,5,4,3,3,3,3,3
300,3,4,2,3,6,4,3,3,3,3,1
1333.3,4,3,2,4,2,4,2,3,2,3,3
6500,4,4,2,4,5,4,3,3,3,3,1
200,4,4,2,4,3,4,3,3,3,3,1
1230,4,3,2,4,5,4,3,3,3,3,4
1650,4,4,2,3,2,4,3,3,3,3,3
900,3,4,2,3,6,4,3,2,3,3,2
880,3,4,2,2,3,4,3,3,3,3,1
571.43,4,4,2,3,6,4,3,3,3,3,4
1375,4,3,2,3,2,4,3,3,3,3,1
2050,4,4,2,4,5,4,3,3,3,3,1
2675,2,4,2,4,3,4,3,3,3,3,1
1948.7,4,4,2,4,4,4,3,3,3,3,1
571.43,4,4,2,2,3,3,3,3,3,3,1
6000,4,4,2,4,5,4,3,3,3,3,3
3825,4,4,2,3,5,3,3,3,3,3,4
438,2,3,2,2,2,3,2,3,2,3,3
1133.3,2,4,2,3,3,4,3,3,3,3,2
1666.7,4,2,2,4,2,3,2,3,2,3,1
6000,4,4,2,4,7,4,3,3,3,3,3
1100,3,4,2,3,3,4,3,3,3,3,1
0,4,2,2,4,6,4,3,3,3,3,1
123.33,2,2,2,3,2,1,1,1,2,3,1
1058.8,4,4,2,2,4,3,3,3,3,3,2
2000,4,4,2,4,3,3,3,3,3,3,2
1500,4,4,2,4,5,4,3,3,3,3,4
1175,4,3,2,3,5,3,3,3,3,3,4
2800,4,4,2,4,7,3,3,3,3,3,3
3000,4,4,2,4,3,4,3,3,3,3,1
300,4,4,2,4,5,4,3,3,3,3,4
3000,4,4,2,4,3,3,3,3,3,3,1
2400,4,4,2,4,5,4,3,3,3,3,1
820.4,3,4,2,3,4,4,3,3,3,3,1
2500,4,4,2,3,3,4,3,3,3,3,1
5750,4,4,2,4,5,4,3,3,3,3,3
2200,4,4,2,3,4,4,3,3,3,3,3
1625,4,3,2,4,3,2,3,3,3,3,1
2500,4,4,2,4,4,4,3,3,3,3,2
1150,4,4,2,4,4,4,3,3,3,3,2
2028.6,4,2,2,2,3,3,3,3,3,3,1
1200,4,4,2,4,7,4,3,3,3,3,2
640,4,4,2,4,3,3,3,3,3,3,1
7500,4,4,2,4,7,4,3,3,3,3,4
1300,4,3,2,4,3,4,3,3,3,3,1
1800,4,3,2,4,2,3,3,3,3,3,1
750,4,4,2,1,3,4,3,3,3,3,2
4400,4,4,2,4,3,4,3,3,3,3,1
1000,2,4,2,4,7,4,3,3,3,3,1
2000,4,4,2,4,3,3,3,3,3,3,3
3650,4,4,2,4,3,3,3,3,3,3,1
653.33,4,4,2,2,3,4,3,3,3,3,3
5000,4,3,2,4,6,4,3,3,3,3,2
1075,3,4,2,3,4,3,3,3,3,3,4
3800,4,4,2,4,7,4,3,3,3,3,1
2833.3,4,4,2,3,5,4,3,3,3,3,3
2050,4,4,2,4,5,4,3,3,3,3,1
2633.3,4,3,2,1,3,4,3,3,3,3,2
1700,4,4,2,4,2,4,3,3,3,3,2
2000,4,4,2,4,6,4,3,3,3,3,1
3460,4,4,2,3,5,4,3,3,3,3,1
3000,4,4,2,4,5,4,3,3,3,3,4
2900,4,4,2,4,5,3,3,3,3,3,1
1000,4,3,2,4,5,4,3,3,3,3,4
1500,4,3,2,3,5,4,3,3,3,3,4
9333.3,2,4,2,4,7,4,3,3,3,3,2
5000,4,4,2,4,7,3,3,3,3,3,1
1800,3,4,2,4,7,4,3,3,3,3,2
3000,4,4,2,4,3,4,3,3,3,3,1
4800,4,4,2,3,5,4,3,3,3,3,3
2500,3,4,2,4,3,4,3,3,3,3,1
3800,4,3,2,4,5,4,3,3,3,3,2
2225,4,4,2,4,3,4,3,3,3,3,2
3666.7,4,4,2,4,7,4,3,3,3,3,3
8200,3,2,2,4,4,2,3,3,3,3,1
2800,4,4,2,4,3,4,3,3,3,3,1
1416.7,4,4,2,4,6,4,3,3,3,3,3
4233.3,4,4,2,4,6,3,3,3,3,3,3
1766.7,4,3,2,4,3,4,3,3,3,3,1
2950,3,4,2,3,5,3,3,3,3,3,4
12000,4,3,2,4,7,4,3,3,3,3,3
3500,4,4,2,4,6,4,3,3,3,3,4
2020,4,4,2,3,6,4,3,3,3,3,4
1250,4,3,2,3,4,3,2,3,3,3,1
600,2,4,2,4,3,4,3,3,3,3,1
8500,4,4,2,4,4,2,3,3,3,3,1
6000,4,4,2,4,2,4,3,3,3,3,1
1500,4,4,2,4,4,4,3,3,3,3,1
128.57,2,4,2,2,5,4,3,3,3,3,4
4000,4,4,2,4,4,4,3,3,3,3,4
2400,4,3,2,4,2,4,3,3,3,3,1
2000,4,4,2,3,5,4,3,3,3,3,1
3000,4,4,2,4,5,4,3,3,3,3,1
3500,4,4,2,4,7,3,3,3,3,3,1
2100,4,4,2,4,3,3,3,3,3,3,1
1866.7,3,3,2,3,2,2,3,3,3,3,3
1600,4,3,2,2,3,3,3,3,3,3,3
607.14,4,3,2,1,2,4,3,3,3,3,3
3085,3,4,2,4,2,4,3,3,3,3,1
4200,3,2,2,3,4,3,3,3,3,3,4
1200,4,4,2,4,5,4,3,3,3,3,1
1875,4,4,2,3,3,4,3,3,3,3,2
1912.5,4,4,2,4,7,3,3,3,3,3,2
1226.9,4,4,2,1,3,4,3,3,3,3,2
1833.3,2,4,2,4,5,4,3,3,3,3,3
1600,4,2,1,4,2,4,3,3,3,3,1
2100,4,4,2,4,4,3,3,3,3,3,1
2500,2,2,2,4,5,4,3,2,3,3,4
320,4,4,2,2,7,4,3,3,3,3,1
1611.7,4,4,2,2,3,2,3,3,3,3,3
833.33,4,4,2,4,7,4,3,3,3,3,1
2400,4,4,2,4,5,4,3,3,3,3,1
2600,3,4,2,4,2,3,3,3,3,3,4
1500,4,4,2,4,6,4,3,3,3,3,1
1650,4,2,2,4,3,4,3,3,3,3,2
5000,4,4,2,4,7,4,3,3,3,3,3
3750,4,4,2,4,5,4,3,3,3,3,2
950,4,4,2,3,4,4,3,3,3,3,2
1250,4,3,2,4,2,4,3,3,3,3,4
0,4,4,2,4,3,4,3,3,3,3,1
2250,4,2,2,4,2,4,3,3,3,3,1
900,3,2,2,1,2,1,1,3,3,3,1
1600,4,2,2,3,4,3,2,3,2,3,4
10250,4,4,2,3,7,4,3,3,3,3,2
3450,4,4,2,4,7,4,3,3,3,3,3
5500,4,4,2,4,6,3,3,3,3,3,4
2363.3,4,4,2,3,4,4,3,3,3,3,3
921.25,2,2,2,3,6,4,3,3,3,3,2
1600,4,4,2,3,5,3,3,3,3,3,2
1180,4,4,2,3,3,4,3,3,3,3,4
1700,4,4,2,4,5,3,3,3,3,3,2
1000,4,3,2,4,7,4,3,3,3,3,1
1733.3,4,2,2,2,6,1,1,1,2,3,3
623.33,4,3,2,3,3,4,3,3,3,3,4
560,4,4,2,3,3,4,3,3,3,3,4
764.29,2,3,2,1,4,1,1,3,2,3,1
2437.5,4,4,2,3,7,4,3,3,3,3,1
850,4,4,2,4,7,3,3,3,3,3,1
400,4,4,2,3,6,4,3,3,3,3,4
8200,4,4,2,4,7,4,3,3,3,3,1
2400,4,4,2,4,5,4,3,3,3,3,1
2000,4,4,2,1,6,4,3,3,3,3,1
2400,4,4,2,4,6,4,3,3,3,3,1
600,4,4,2,4,7,4,3,3,3,3,2
1500,4,4,2,3,5,4,3,3,3,3,4
2100,4,4,2,4,4,4,3,3,3,3,1
766.67,3,4,2,3,3,4,3,3,3,3,2
533.33,4,3,1,4,6,2,3,3,3,2,1
3200,4,4,2,4,5,4,3,3,3,3,1
3000,4,3,2,4,6,4,3,3,3,3,3
2850,4,4,2,4,2,4,3,3,3,3,1
2000,4,4,2,3,5,4,3,3,3,3,3
4500,3,4,2,4,7,4,3,3,3,3,2
3000,2,4,2,4,2,4,3,3,3,3,1
2833.3,1,4,2,4,3,4,3,3,3,3,4
2000,4,4,2,3,4,4,3,3,3,3,1
10500,4,4,2,4,5,4,3,3,3,3,1
1300,4,4,2,4,4,4,3,3,3,3,3
100,3,4,2,4,4,4,3,3,3,3,2
525,4,4,2,3,3,3,3,3,3,3,1
1182.5,4,3,2,1,3,4,3,3,3,3,4
700,4,3,2,3,3,4,3,2,3,3,1
1500,4,4,2,4,2,4,3,3,3,3,4
800,4,4,2,1,5,4,3,3,3,3,4
1450,4,4,2,4,3,4,3,3,3,3,1
800,4,3,2,3,3,2,3,3,3,3,4
2800,4,4,2,3,3,4,3,3,3,3,1
2200,4,4,2,4,3,4,3,3,3,3,1
942.86,4,2,2,1,2,4,3,3,3,3,1
842.86,4,3,2,3,3,4,3,3,3,3,4
200,3,4,2,4,5,4,3,3,3,3,1
1250,4,3,2,4,4,4,3,3,3,3,4
1750,4,3,2,1,6,4,3,3,3,3,2
3000,4,4,2,4,7,4,3,3,3,3,1
1733.3,3,2,2,4,3,1,3,3,2,3,1
925,3,4,2,4,3,4,3,3,3,3,1
3000,4,4,2,4,7,3,3,3,3,3,2
4000,4,4,3,4,3,4,3,3,3,3,1
2020,4,4,2,2,4,4,3,3,3,3,3
12000,4,4,2,4,7,3,3,3,3,3,4
2800,4,2,2,4,3,3,2,3,2,3,4
2000,3,4,2,4,3,3,2,3,3,3,1
1737.5,4,4,2,3,3,4,3,3,3,3,1
4450,4,3,2,4,5,4,3,3,3,3,3
2600,4,4,2,4,1,4,3,3,3,3,4
2367.5,4,2,2,3,3,4,3,3,3,3,3
1600,4,4,2,3,5,3,3,3,3,3,4
2000,2,3,2,4,7,3,3,1,3,3,1
2600,4,3,2,4,2,4,3,3,3,3,4
3040,4,4,2,3,3,3,2,3,3,3,1
8000,3,4,2,4,4,3,3,3,3,3,1
1800,4,4,2,4,6,4,3,3,3,3,1
2000,4,4,2,1,2,4,3,3,3,3,4
2400,4,2,2,4,2,4,3,3,3,3,1
1000,4,4,2,3,5,4,3,3,3,3,1
514.29,3,4,2,2,2,2,3,3,3,3,3
933.33,4,4,2,4,2,4,3,3,3,3,1
650,4,2,2,1,4,2,2,3,2,3,4
3150,3,4,2,4,5,4,3,3,3,3,1
1150,4,3,2,4,2,4,3,3,3,3,1
1057.1,4,4,2,3,3,4,3,3,3,3,2
0,4,4,2,4,3,4,3,3,3,3,1
11500,4,4,2,4,5,4,3,3,3,3,4
1950,4,4,1,4,6,4,3,3,3,3,1
2600,4,4,2,4,5,3,3,3,3,3,2
433.33,4,2,2,2,2,4,3,3,3,3,1
4500,4,4,2,4,7,4,3,3,3,3,2
1750,4,4,2,4,3,4,3,3,3,3,1
1283.3,4,3,2,2,3,3,3,3,3,3,1
2000,4,3,2,3,4,2,3,3,3,3,2
2100,3,4,2,4,6,4,3,3,3,3,4
5000,4,4,2,4,5,4,3,3,3,3,4
2500,4,3,2,4,7,4,3,3,3,3,4
2785.7,3,4,2,3,4,4,3,3,3,3,2
1750,4,4,2,4,5,4,3,3,3,3,4
340,4,4,2,4,2,3,3,3,3,3,2
2920,4,4,2,3,3,4,3,3,3,3,1
1500,4,4,2,3,7,4,3,3,3,3,4
500,4,4,2,4,6,4,3,3,3,3,1
1075,3,4,2,4,5,4,3,3,3,3,1
1875,3,2,2,4,3,4,3,3,3,3,1
2050,4,3,2,4,3,4,3,3,3,3,1
3666.7,4,4,2,4,7,4,3,3,3,3,4
1000,4,3,2,3,4,2,3,3,3,3,4
750,4,4,2,4,3,4,3,3,3,3,4
6000,3,4,2,4,7,3,3,3,3,3,2
5000,4,4,2,4,6,4,3,3,3,3,2
1166.7,4,4,2,2,5,4,3,3,3,3,4
2000,4,4,2,4,5,4,3,3,3,3,3
1100,4,3,2,3,5,3,3,3,3,3,3
2800,4,2,2,4,2,3,3,3,3,3,2
1600,4,4,2,3,7,4,3,3,3,3,2
2000,4,2,2,4,4,3,2,3,2,3,4
1000,2,3,2,4,2,4,3,3,3,3,2
333.33,4,4,2,4,4,4,3,3,3,3,1
2000,4,3,2,4,2,4,3,3,3,3,1
778,4,4,2,2,3,4,3,3,3,3,1
1820,4,4,2,3,3,4,3,3,3,3,2
1150,4,4,2,3,7,4,3,3,3,3,4
2166.7,4,4,2,4,7,4,3,3,3,3,2
1833.3,4,4,2,4,6,4,3,3,3,3,1
625,4,3,2,3,5,3,3,3,3,3,2
5000,4,4,2,4,7,4,3,3,3,3,1
3000,4,4,2,4,7,4,3,3,3,3,2
1075,4,4,2,3,6,4,3,3,3,3,4
1166.7,4,3,2,4,4,3,3,3,3,3,2
500,2,3,2,2,3,4,3,3,3,3,1
800,4,4,2,3,2,4,3,3,3,3,1
1240,4,4,2,3,2,4,3,3,3,3,1
1157.5,4,4,2,3,5,4,3,3,3,3,2
3000,4,4,2,4,6,4,3,3,3,3,1
1520,4,3,2,1,5,4,3,3,3,3,4
1420,4,3,2,3,3,4,3,3,3,3,1
833.33,3,4,2,4,5,4,3,3,3,3,1
1716.7,4,3,2,3,4,4,3,3,3,3,1
1166.7,4,4,2,4,5,4,3,3,3,3,1
5625,4,4,2,4,5,4,3,3,3,3,3
650,4,3,2,4,5,4,3,3,3,3,1
3000,4,4,2,4,7,3,3,3,3,3,4
2400,3,3,2,4,2,4,3,3,3,3,1
1544.3,3,3,2,3,5,4,3,3,3,3,3
1750,3,4,2,4,5,4,3,3,3,3,4
4000,4,4,2,4,6,3,3,3,3,3,1
1400,4,3,2,3,4,4,3,2,3,3,2
4000,4,3,2,3,2,2,3,3,3,3,4
360,4,2,2,2,3,3,3,3,3,3,2
456.67,3,2,2,3,5,1,1,3,3,3,3
1633.3,4,4,2,4,7,4,3,3,3,3,1
3000,4,4,2,4,6,4,3,3,3,3,1
480,4,4,2,1,3,4,3,3,3,3,4
2000,3,4,1,4,3,4,3,1,2,3,1
1000,4,4,2,3,5,4,3,3,3,3,2
600,4,4,2,1,3,4,3,3,3,3,1
3000,4,4,2,4,2,4,3,3,3,3,1
1750,4,4,2,4,5,4,3,3,3,3,4
1000,4,4,2,4,3,4,3,3,3,3,2
2333.3,4,4,2,4,3,3,3,3,3,3,4
1333.3,4,4,2,4,6,4,3,3,3,3,4
1250,4,4,2,3,3,4,3,3,3,3,1
800,4,4,2,3,5,4,3,3,3,3,4
2375,4,4,2,4,5,4,3,3,3,3,1
2166.7,4,3,1,4,5,4,3,3,3,3,4
470,4,2,2,2,4,3,3,3,3,3,1
1300,4,3,2,3,5,4,3,3,3,3,4
1400,2,3,2,1,2,4,3,3,3,3,3
2500,4,4,2,4,3,4,3,3,3,3,1
2700,4,4,2,4,2,4,3,3,3,3,1
3000,4,4,2,3,3,4,3,3,3,3,4
2600,4,4,2,4,4,3,3,3,3,3,1
866.67,1,1,2,3,3,1,1,3,2,3,1
1800,4,4,2,4,6,4,3,3,3,3,1
450,4,4,2,4,5,4,3,3,3,3,1
2000,2,4,2,4,2,4,3,3,3,3,1
333.33,4,4,2,3,5,4,3,3,3,3,1
1666.7,4,4,2,3,3,4,3,3,3,3,4
1000,4,4,2,4,6,4,3,3,3,3,2
1666.7,4,4,2,4,6,4,3,3,3,3,4
3400,4,4,2,4,3,4,3,3,3,3,1
4333.3,4,4,2,1,5,4,3,3,3,3,4
2800,4,4,2,1,3,4,3,3,3,3,1
2685,4,4,2,4,4,3,3,3,3,3,3
1800,4,3,2,4,6,4,3,3,3,3,3
1700,3,4,2,4,2,4,3,3,3,3,1
646.67,4,3,2,3,6,3,3,3,3,3,2
1117.5,4,1,2,1,2,3,2,3,3,3,1
2400,4,4,2,4,3,4,3,3,3,3,2
1250,4,3,2,3,5,4,3,3,3,3,4
1533.3,4,4,2,3,3,3,3,3,3,3,1
1446,4,4,2,3,3,3,3,3,3,3,4
1325,4,3,2,3,3,3,3,1,3,3,1
1945,4,2,2,3,3,3,3,3,3,3,1
10000,4,4,2,4,7,3,3,3,3,3,3
560,4,4,2,2,3,4,3,3,3,3,4
800,3,4,3,4,5,4,3,3,3,3,4
3900,4,4,2,3,5,3,3,3,3,3,3
2250,4,3,2,4,2,4,3,3,3,3,1
9233.3,2,4,2,4,5,4,3,3,3,3,3
1220,4,4,2,3,6,4,3,3,3,3,2
3700,4,4,2,4,5,3,3,3,3,3,1
1000,3,4,2,4,6,4,3,3,3,3,1
1400,4,4,2,3,6,4,3,3,3,3,2
3500,4,4,2,4,6,4,3,3,3,3,2
2866.7,4,4,2,3,6,4,3,3,3,3,4
2571.4,4,3,2,3,5,4,3,3,3,3,4
166.67,2,4,2,3,2,4,3,3,3,3,1
5000,4,4,2,4,7,4,3,3,3,3,2
6000,4,4,2,4,7,4,3,3,3,3,2
617.5,4,4,2,4,4,4,3,3,3,3,4
1168,3,4,2,4,3,2,3,3,3,3,1
2400,4,4,2,4,3,4,3,3,3,3,4
1750,3,4,2,4,4,4,3,3,3,3,4
2900,4,3,2,4,3,4,3,3,3,3,1
2053.3,4,4,2,2,4,4,3,3,3,3,3
2750,3,4,2,3,7,4,3,3,3,3,4
750,4,4,2,4,6,4,3,3,3,3,1
1833.3,4,3,2,4,3,4,3,3,3,3,4
4250,4,4,2,4,7,4,3,3,3,3,2
633.33,4,4,2,4,5,4,3,3,3,3,2
1116,3,4,2,3,3,3,3,3,3,3,1
2300,3,4,2,4,5,4,3,3,3,3,1
5700,4,4,2,4,3,4,3,3,3,3,1
333.33,4,4,2,3,3,4,3,3,3,3,4
1533.3,4,4,2,4,3,4,3,3,3,3,1
935,3,2,2,1,4,1,1,1,3,3,4
3900,4,4,2,4,7,4,3,3,3,3,1
875,2,4,2,3,5,4,3,3,3,3,2
840,4,3,2,1,7,3,3,3,3,3,4
966,4,3,2,2,4,4,3,3,3,3,2
5250,4,3,2,4,7,4,3,3,3,3,2
4733.3,4,4,2,4,5,4,3,3,3,3,1
1611.1,4,3,2,3,3,4,3,3,3,3,4
1250,4,2,2,3,6,1,1,3,2,2,2
2500,4,4,2,4,3,3,3,3,3,3,4
2160,4,4,2,4,1,3,3,3,3,3,1
2900,4,4,2,1,4,4,3,3,3,3,1
1500,4,4,2,4,3,4,3,3,3,3,1
2000,4,2,2,3,5,4,3,3,3,3,2
1117.5,4,4,2,3,4,4,3,3,3,3,3
524.29,4,4,2,1,3,4,3,3,3,3,4
2366.7,4,4,2,4,4,4,3,3,3,3,1
1066.7,4,4,2,3,2,4,3,3,3,3,1
1666.7,4,4,2,4,7,4,3,3,3,3,3
3000,4,4,2,4,3,4,3,3,3,3,1
2600,4,3,2,4,3,4,3,3,3,3,1
1400,4,4,2,3,7,4,3,3,3,3,2
1000,4,4,2,4,6,3,3,3,3,3,1
0,4,4,2,4,6,4,3,3,3,3,1
490,3,3,2,4,2,4,3,3,3,3,1
1170.9,4,4,2,1,3,3,3,3,3,3,2
4000,4,4,2,4,3,4,3,3,3,3,3
2333.3,4,4,2,4,7,4,3,3,3,3,3
854,4,3,2,3,2,4,3,3,3,3,1
2000,4,4,2,4,7,4,3,3,3,3,2
333.33,4,4,2,4,4,4,3,3,3,3,4
5800,4,4,2,4,5,3,3,3,3,3,4
2400,4,4,2,4,6,4,3,3,3,3,1
3500,4,4,2,4,6,4,3,3,3,3,1
1560,3,4,2,3,5,4,3,2,3,3,3
1600,4,4,2,4,4,4,3,3,3,3,1
1320,4,4,2,3,3,4,3,3,3,3,1
1728,4,2,2,3,4,4,3,3,3,3,4
0,3,4,2,4,7,4,3,3,3,3,1
2500,4,4,2,4,3,4,3,3,3,3,2
8750,4,4,2,4,5,4,3,3,3,3,4
1400,4,4,2,4,2,4,3,3,3,3,1
21000,4,4,2,4,7,4,3,3,3,3,2
833.33,3,4,2,3,3,4,3,3,3,3,1
2200,4,4,2,3,6,4,3,3,3,3,3
2980,4,4,2,3,5,4,3,3,3,3,3
1750,4,2,2,3,5,4,3,3,3,3,4
1700,4,4,2,4,2,4,3,2,3,3,1
1400,4,4,2,4,5,3,3,3,3,3,1
1500,4,4,2,4,6,4,3,3,3,3,1
1250,4,4,2,4,5,4,3,3,3,3,4
900,4,4,2,3,3,4,3,3,3,3,1
4000,4,4,2,4,7,4,3,3,3,3,1
1233.3,4,3,2,3,2,4,3,3,3,3,3
2600,4,4,2,1,5,4,3,3,3,3,2
2625,4,3,2,3,3,3,2,3,2,3,4
1542.9,3,4,2,3,3,4,3,3,3,3,4
4025,4,4,2,4,3,4,3,3,3,3,1
1500,4,4,2,4,6,4,3,3,3,3,1
4700,2,4,2,4,3,4,3,3,3,3,1
960,4,4,2,1,3,4,3,3,3,3,4
2000,4,4,2,4,5,4,3,3,3,3,1
571.43,4,4,2,1,5,4,3,3,3,3,2
2333.3,2,4,2,4,5,4,3,3,3,3,1
1625,4,4,2,1,7,4,3,3,3,3,3
4500,4,3,2,4,5,4,3,3,3,3,2
600,4,4,2,4,4,4,3,3,3,3,4
2000,4,4,2,4,4,4,3,3,3,3,4
7741,4,2,2,4,3,3,2,3,2,3,2
2500,1,3,2,4,2,4,3,3,3,3,3
1500,4,4,2,4,3,4,3,3,3,3,1
900,4,3,1,4,2,3,3,3,3,3,3
1900,4,3,2,3,3,4,3,3,3,3,4
5000,4,4,2,4,7,4,3,3,3,3,2
428.57,4,2,2,2,2,1,1,3,3,3,1
1250,4,4,2,3,6,4,3,3,3,3,1
2600,4,4,2,3,6,3,3,3,3,3,4
2850,4,4,2,4,7,4,3,3,3,3,2
8666.7,4,4,2,4,7,3,3,3,3,3,3
1950,4,4,2,3,3,3,3,3,3,3,1
2000,4,4,2,4,7,4,3,3,3,3,2
3350,4,4,2,4,6,4,3,3,3,3,4
3666.7,4,4,2,3,5,4,3,3,3,3,3
8000,4,4,2,4,7,4,3,3,3,3,3
2800,4,4,2,4,3,4,3,3,3,3,1
1257.1,4,4,2,1,2,3,3,3,3,3,1
1540,4,4,2,4,3,4,3,3,3,3,3
2385,4,4,2,4,3,3,3,3,3,3,2
900,4,3,2,2,3,4,3,3,3,3,2
6833.3,4,4,2,4,7,4,3,3,3,3,4
322.22,4,2,2,2,3,2,2,3,3,3,1
3500,4,4,2,4,3,4,3,3,3,3,1
1249.7,4,2,2,1,4,4,2,3,3,3,3
4000,4,4,2,4,7,4,3,3,3,3,2
428.57,4,2,2,1,2,3,3,3,3,3,1
2500,4,4,2,4,5,3,3,3,3,3,3
3375,4,4,2,4,7,4,3,3,3,3,1
1316.7,4,4,2,3,3,4,3,3,3,3,4
3800,4,4,2,4,6,4,3,3,3,3,3
400,4,4,2,3,5,4,3,3,3,3,2
6000,4,4,2,4,3,3,3,3,3,3,3
2400,4,4,2,4,4,3,3,3,3,3,1
3000,4,4,2,4,6,4,3,3,3,3,1
1358.3,3,3,2,3,4,4,3,3,3,3,4
1600,4,4,2,4,5,4,3,3,3,3,1
1366.7,4,3,2,4,5,3,3,3,3,3,3
2950,4,4,2,4,5,4,3,3,3,3,1
1800,4,4,2,3,4,3,3,3,3,3,4
1750,4,4,2,4,6,4,3,3,3,3,1
5000,4,4,2,4,5,4,3,3,3,3,4
800,4,3,2,2,2,4,3,3,3,3,1
1600,4,4,2,3,5,3,3,3,3,3,4
1166.7,4,4,2,4,3,4,3,3,3,3,1
1020,4,4,2,3,3,4,3,3,3,3,2
1600,4,4,2,4,6,4,3,3,3,3,2
390,4,2,2,3,2,3,3,3,3,3,1
5000,4,4,2,4,5,4,3,3,3,3,1
920,4,4,2,3,5,4,3,3,3,3,1
1100,4,4,2,4,5,4,3,3,3,3,2
7000,4,1,1,4,2,1,1,3,3,3,1
300,4,3,2,4,4,2,2,3,3,3,2
1875,4,4,2,4,7,4,3,3,3,3,3
4416.7,4,4,2,3,5,4,3,3,3,3,4
340,4,2,2,1,3,4,3,3,3,3,1
3000,4,4,2,3,5,4,3,3,3,3,3
525,4,4,2,2,3,3,3,3,3,3,4
1600,4,3,2,4,2,4,3,3,3,3,1
3800,4,3,2,4,2,4,3,3,3,3,1
1413.3,4,3,2,4,3,3,3,3,3,3,1
2233.3,4,4,2,4,6,4,3,3,3,3,2
1400,4,2,2,2,3,2,3,3,3,3,3
5500,4,4,2,4,7,4,3,3,3,3,2
1000,4,3,2,3,4,4,3,3,3,3,4
2100,3,4,2,3,7,4,3,3,3,3,2
407.78,4,2,2,2,3,2,2,3,2,3,1
1800,4,4,2,4,5,4,3,3,3,3,1
5000,4,4,2,4,7,4,3,3,3,3,1
5250,4,3,2,4,7,4,3,3,3,3,4
1750,4,4,2,4,3,4,3,3,3,3,1
1580,4,4,2,4,3,4,3,3,3,3,1
1725,4,4,2,3,6,4,3,3,3,3,2
2780,4,4,2,3,6,4,3,3,3,3,1
625,3,3,2,3,3,1,1,3,2,3,1
623.33,4,3,2,2,2,4,3,3,3,3,1
2500,4,4,2,4,6,4,3,3,3,3,1
545,4,3,2,4,4,3,3,3,2,3,1
1320,4,3,2,3,3,3,3,3,3,3,4
800,4,4,2,4,5,4,3,3,3,3,1
1666.7,4,4,2,2,7,3,3,3,3,3,2
1366.7,3,4,2,4,3,4,3,3,3,3,1
666.67,4,4,2,2,3,2,3,3,3,3,4
933.33,4,4,2,3,5,4,3,3,3,3,1
932.5,4,3,2,3,3,4,3,3,3,3,4
1825,4,3,2,3,4,4,3,3,3,3,4
11700,4,4,2,4,7,4,3,3,3,3,2
4500,4,4,1,4,6,4,3,3,3,3,4
1750,4,3,2,3,5,4,3,3,3,3,4
1050,4,4,2,3,5,4,3,3,3,3,4
2000,4,4,2,4,6,4,3,3,3,3,1
523.33,4,2,2,1,3,4,2,3,2,3,3
533.33,4,2,2,4,4,4,3,3,3,3,1
1123.3,4,3,2,2,5,4,3,3,3,3,3
6666.7,4,4,2,4,4,4,3,3,3,3,2
537.5,4,3,2,2,4,4,3,3,3,3,2
833.33,4,4,2,4,3,4,3,3,3,3,1
2666.7,4,4,2,3,3,4,3,3,3,3,4
2500,4,4,2,4,6,4,3,3,3,3,1
3200,4,4,2,4,7,4,3,3,3,3,2
4200,4,2,2,4,3,3,3,3,2,3,1
1600,4,2,2,3,2,4,3,3,3,3,3
2333.3,4,4,2,4,5,4,3,3,3,3,4
2356.7,4,2,2,3,3,4,2,3,3,3,2
4933.3,4,4,2,4,3,2,3,3,3,3,2
1725,4,4,2,3,4,2,3,3,3,3,3
2300,4,3,2,4,7,3,3,3,3,3,2
708,4,4,2,2,5,4,3,3,3,3,4
3875,4,2,2,3,3,4,3,3,3,3,4
640,4,3,2,1,3,4,3,3,3,3,3
2000,4,4,2,3,5,4,3,3,3,3,4
3233.3,4,4,2,3,5,4,3,3,3,3,4
850,4,3,2,2,4,4,3,3,3,3,2
10500,4,4,2,4,7,3,3,3,3,3,3
2000,4,4,2,4,6,4,3,3,3,3,1
0,4,4,1,4,5,4,3,3,3,3,1
2333.3,4,4,2,3,3,4,3,3,3,3,3
3500,4,4,2,4,5,4,3,3,3,3,1
1500,4,4,2,4,7,4,3,3,3,3,1
3050,2,1,2,4,2,3,2,3,2,3,2
2300,4,3,2,4,1,3,3,2,2,3,1
621.43,4,3,2,2,4,2,3,3,3,3,2
940,4,4,2,3,3,4,3,2,3,3,1
1033.3,4,3,2,3,4,4,3,3,3,3,4
5900,4,4,2,4,6,4,3,3,3,3,4
12000,4,4,2,4,5,4,3,3,3,3,3
1250,4,4,2,4,6,4,3,3,3,3,3
1566.7,4,4,2,4,6,4,3,3,3,3,2
1060,4,4,2,2,3,3,3,3,3,3,3
2000,4,3,2,4,2,4,3,3,3,3,1
1400,4,4,2,4,2,4,3,3,3,3,1
768,2,2,2,1,5,2,2,3,3,3,3
5625,4,4,2,4,4,4,3,3,3,3,1
3333.3,4,4,2,4,6,4,3,3,3,3,4
1300,4,4,2,4,3,4,3,3,3,3,1
4000,4,4,2,4,7,4,3,3,3,3,4
775,2,2,2,3,5,3,2,3,3,3,2
3133.3,4,4,2,3,3,3,3,3,3,3,4
707.14,4,3,2,2,3,4,3,3,3,3,4
956.67,2,2,2,2,3,1,1,3,2,3,3
1333.3,3,4,2,4,7,4,3,3,3,3,3
3500,3,4,2,4,6,4,3,3,3,3,1
12000,4,4,2,4,7,4,3,3,3,3,4
2500,4,4,2,4,6,4,3,3,3,3,1
2700,3,4,2,4,3,4,3,3,3,3,1
2300,4,4,2,4,2,4,3,3,3,3,1
1600,4,2,2,2,3,3,3,3,3,3,1
340,4,3,2,3,2,4,3,3,3,3,1
3300,4,4,2,4,7,3,3,3,3,3,2
3500,4,4,2,4,6,4,3,3,3,3,2
1050,4,4,2,4,5,4,3,3,3,3,1
1145,4,4,2,3,3,4,3,3,3,3,1
280,4,3,2,3,3,4,3,3,3,3,1
1220,3,2,2,3,4,1,2,3,3,3,3
2250,4,4,2,4,3,4,3,3,3,3,1
500,4,2,2,3,4,2,3,3,3,3,3
2000,4,4,2,4,5,4,3,3,3,3,1
1250,4,3,2,3,2,3,3,3,3,3,1
3500,3,4,2,4,5,4,3,3,3,3,1
1050,4,4,2,4,5,4,3,3,3,3,4
1725,4,4,2,4,3,4,3,3,3,3,1
1500,4,3,2,2,5,3,3,3,3,3,3
1633.3,4,4,2,3,4,4,3,3,3,3,1
2350,4,2,2,4,3,4,2,3,2,3,3
1350,4,4,2,2,7,3,3,3,3,3,2
1316.7,4,4,2,3,3,4,3,3,3,3,4
955,2,2,2,2,4,1,1,1,1,3,3
1800,4,4,2,3,5,4,3,3,3,3,4
3260,4,4,2,3,7,4,3,3,3,3,1
1700,3,4,2,3,2,4,3,3,3,3,1
800,4,4,2,2,3,3,3,3,3,3,3
2190,4,2,2,3,5,4,3,3,3,3,4
1266.7,4,4,2,3,5,4,3,3,3,3,3
453.33,3,4,2,3,5,4,3,3,3,3,2
1000,4,4,2,3,5,3,3,3,3,3,4
900,4,4,2,3,3,4,3,3,3,3,4
407.69,4,2,2,1,4,4,3,3,3,3,2
3817.5,4,4,2,3,7,3,3,3,3,3,2
783.33,3,2,2,4,3,4,2,3,3,3,2
4500,4,4,2,4,3,4,3,3,3,3,1
874.44,4,4,2,1,3,4,3,3,3,3,1
5000,4,4,2,4,5,3,3,3,3,3,4
1800,4,4,2,4,5,4,3,3,3,3,1
900,3,2,2,3,4,1,3,3,3,3,4
2000,4,4,2,4,6,4,3,3,3,3,1
6100,4,4,2,4,5,3,3,3,3,3,2
1200,4,4,2,3,3,4,3,3,3,3,1
767.5,4,3,2,3,5,4,3,3,3,3,3
640,4,3,2,3,3,4,3,3,3,3,2
1784,4,4,2,4,4,4,3,3,3,3,4
1400,4,4,2,4,3,4,3,3,3,3,2
1050,4,4,2,4,2,3,3,3,3,3,1
423.33,4,2,2,2,3,4,3,3,3,3,1
3000,3,4,2,4,5,4,2,3,3,3,4
867.5,4,2,2,1,4,4,3,3,3,3,4
800,4,4,2,4,2,4,3,3,3,3,1
2150,4,4,2,4,4,4,3,3,3,3,1
2100,3,3,2,2,1,4,3,3,3,3,4
1833.3,4,4,2,4,5,3,3,3,3,3,4
4000,4,4,2,4,7,4,3,3,3,3,1
1766.7,3,4,2,4,7,4,3,3,3,3,2
5000,4,4,2,4,5,3,3,3,3,3,1
4262.5,4,4,2,4,6,3,3,3,3,3,4
1800,4,4,2,4,3,4,3,3,3,3,1
700,3,1,2,2,2,2,2,2,2,3,2
5533.3,4,3,2,4,3,3,3,3,3,3,3
3250,4,4,2,4,5,4,3,3,3,3,1
1367.5,4,4,2,3,3,3,3,3,3,3,2
850,4,4,2,4,7,4,3,3,3,3,1
2266.7,4,2,2,3,7,2,3,3,3,3,1
242.5,4,3,2,3,4,4,3,2,2,3,2
333.33,4,2,2,2,2,2,2,3,2,3,1
4000,4,4,2,4,6,4,3,3,3,3,1
674,4,4,2,3,5,4,3,3,3,3,4
1456.7,4,3,2,4,4,4,3,3,3,3,4
2866.7,2,4,2,4,6,4,3,3,3,3,4
9000,4,4,2,4,7,4,3,3,3,3,2
1025,4,2,2,1,3,2,3,3,3,3,1
7600,4,4,2,4,6,4,3,3,3,3,1
1150,3,3,2,3,4,3,3,3,3,3,4
900,4,4,2,4,3,3,3,3,3,3,1
1870,4,4,2,3,5,4,3,3,3,3,2
1100,4,4,2,4,5,4,3,3,3,3,2
3233.3,4,4,2,4,4,4,3,3,3,3,4
2933.3,4,3,2,4,7,4,3,3,3,3,2
1200,4,3,2,4,3,2,3,3,3,3,3
2050,4,4,2,4,3,3,3,3,3,3,1
8400,4,4,2,4,7,4,3,3,3,3,1
3000,4,4,2,4,5,4,3,3,3,3,1
1625,4,4,2,4,3,4,3,3,3,3,2
1000,3,2,2,3,3,4,3,3,3,3,4
2225,4,3,2,4,3,4,3,3,3,3,2
1600,4,4,2,4,5,4,3,3,3,3,1
1090,4,4,2,2,3,3,3,3,3,3,1
5200,4,4,2,4,2,3,3,3,3,3,1
1525,4,3,2,3,6,4,3,3,3,3,3
3000,4,4,2,3,5,4,3,3,3,3,1
1700,4,2,2,4,4,4,3,3,3,3,1
2500,4,4,2,4,7,4,3,3,3,3,4
2650,4,3,2,4,5,4,3,3,3,3,1
880,4,4,2,3,3,4,3,3,3,3,2
310,4,4,1,3,6,4,3,3,3,3,1
1125,4,2,2,1,6,1,3,3,3,3,4
3200,4,3,2,4,2,4,3,3,3,3,1
1300,4,4,2,3,4,4,3,3,3,3,4
428.57,4,2,2,2,3,4,3,3,3,3,2
6000,4,4,2,4,5,4,3,3,3,3,1
1675,2,3,2,4,3,4,3,3,3,3,1
2050,4,4,2,4,5,4,3,3,3,3,4
1875,4,3,2,3,4,4,3,3,3,3,4
866.67,4,3,2,4,2,3,3,3,3,3,2
970,4,4,2,2,4,4,3,3,3,3,4
666.67,4,2,2,2,2,1,1,1,2,3,4
3367.5,3,2,2,4,2,3,3,3,3,3,3
1580,4,3,2,3,2,4,3,3,3,3,1
1250,4,4,2,3,5,4,3,3,3,3,3
800,4,4,2,3,4,4,3,3,3,3,4
847.5,4,4,2,3,4,4,3,3,3,3,4
800,4,3,2,4,3,3,3,3,3,3,1
6800,4,3,2,4,7,4,3,3,3,3,4
4300,4,4,2,4,7,4,3,3,3,3,1
4200,3,4,2,4,7,4,3,3,3,3,2
1900,4,2,2,4,7,4,2,3,2,3,1
7325,4,4,2,4,7,4,3,3,3,3,3
2750,4,4,2,4,3,4,3,3,3,3,4
2475,4,4,2,3,5,4,3,3,3,3,1
1250,4,4,2,4,3,4,3,3,3,3,1
1600,4,4,2,4,5,4,3,3,3,3,2
885.71,4,4,2,2,3,4,3,3,3,3,4
1400,4,4,2,2,3,3,3,3,3,3,4
2600,4,2,2,4,2,3,2,3,2,3,1
1960,4,4,2,3,3,3,3,3,3,3,4
800,4,4,2,3,4,4,3,3,3,3,1
1750,4,2,2,3,7,4,2,3,2,3,2
2400,4,3,2,4,3,4,3,3,3,3,1
2400,4,2,2,4,1,3,2,3,2,3,1
3074,4,4,2,4,4,4,3,3,3,3,4
2200,4,4,2,4,5,4,3,3,3,3,4
250,4,4,2,3,5,4,3,3,3,3,2
2500,4,4,2,4,6,4,3,3,3,3,1
1400,4,4,2,4,4,4,3,3,3,3,2
240,4,4,2,3,2,4,3,3,3,3,2
5000,4,3,2,4,4,4,3,3,3,3,1
1650,4,4,2,4,6,4,3,3,3,3,2
1500,4,4,2,3,3,4,3,3,3,3,4
1050,4,3,2,1,4,3,2,3,3,3,4
425,4,4,2,2,4,4,3,3,3,3,1
2100,4,4,2,4,2,4,3,3,3,3,1
1000,4,4,2,4,3,3,3,3,3,3,1
895.71,2,2,2,3,4,1,1,3,2,3,4
2050,4,4,2,4,2,3,3,3,3,3,1
2300,4,4,2,4,3,4,3,3,3,3,4
2100,4,4,2,4,7,4,3,3,3,3,1
5200,4,4,2,4,6,4,3,3,3,3,2
662.5,4,4,2,3,4,4,3,3,3,3,1
6875,4,4,2,4,3,3,3,3,3,3,3
4050,4,4,2,4,3,4,3,3,3,3,2
2085,3,3,2,3,4,4,3,3,3,3,4
2000,2,4,2,4,7,4,3,3,3,3,2
1100,4,4,2,3,5,3,3,3,3,3,2
1266.7,2,4,2,3,6,4,3,3,3,3,2
2000,4,3,2,4,6,4,3,3,3,3,1
3125,4,4,2,3,6,4,3,3,3,3,4
1160,4,4,2,3,3,4,3,3,3,3,2
500,4,1,2,3,1,4,2,3,2,3,1
1200,4,3,2,3,2,4,3,3,3,3,1
2400,4,3,2,4,1,4,3,3,3,3,1
4000,4,4,2,4,3,4,3,3,3,3,1
6500,4,3,2,4,6,4,3,3,3,3,4
1750,4,4,2,4,5,4,3,3,3,3,4
3000,4,4,1,4,6,4,3,3,3,3,2
150,3,4,2,4,5,4,3,3,3,3,2
320,4,2,2,2,4,4,3,3,3,3,1
5833.3,4,4,2,4,7,4,3,3,3,3,2
3500,4,4,2,4,3,4,3,3,3,3,1
1250,4,4,2,4,5,4,3,3,3,3,4
3000,4,4,2,4,3,4,3,3,3,3,1
833.33,4,3,2,4,3,4,3,3,3,3,4
1437.5,1,4,2,4,3,2,3,3,3,3,2
7500,4,4,2,4,6,4,3,3,3,3,1
2500,4,4,2,4,2,4,3,3,3,3,3
960,4,4,2,2,3,4,3,3,3,3,4
1100,4,4,2,3,5,4,3,3,3,3,4
1318.3,4,3,2,3,4,4,3,3,3,3,2
2650,4,4,2,4,3,3,3,3,3,3,1
1587.1,4,2,2,2,3,2,3,3,2,3,2
700,4,4,2,3,4,3,3,3,3,3,2
8000,4,4,2,4,7,4,3,3,3,3,1
11100,4,4,2,4,7,4,3,3,3,3,4
2625,1,4,2,4,3,2,3,3,3,3,1
5250,4,4,2,4,7,4,3,3,3,3,3
1000,3,2,2,3,3,2,3,3,3,3,1
2500,4,4,2,4,4,4,3,3,3,3,1
4030,4,4,2,4,5,4,3,3,3,3,2
2075,4,4,2,4,4,4,3,3,3,3,1
778.57,4,4,2,3,3,3,3,3,3,3,1
2523,4,4,2,4,3,4,3,3,3,3,3
4566.7,4,4,2,4,5,4,3,3,3,3,3
1500,4,3,2,4,5,4,3,3,3,3,3
3850,4,4,2,4,6,4,3,3,3,3,4
6000,4,3,2,4,7,4,3,3,3,3,3
666.67,4,3,2,4,5,4,3,3,3,3,4
2750,4,4,2,3,7,4,3,3,3,3,2
1250,4,4,2,3,5,4,3,3,3,3,4
1314.3,4,4,2,3,5,4,3,3,3,3,1
2100,1,4,2,4,3,4,3,3,3,3,2
250,2,4,2,3,2,4,3,3,3,3,2
800,4,4,2,3,7,4,3,3,3,3,4
1716.7,4,4,2,3,2,4,3,3,3,3,1
1340,4,3,2,4,4,3,3,3,3,3,4
600,4,4,2,3,4,4,3,3,3,3,2
262.22,2,3,2,1,2,1,1,3,2,3,4
1100,4,2,2,3,3,2,2,3,3,3,2
680,4,2,2,2,3,4,2,3,3,3,3
1137.5,4,3,2,3,5,4,3,3,3,3,1
1160,4,2,2,2,3,4,3,3,3,3,4
3258.6,4,2,2,3,3,3,3,3,3,3,2
1500,4,2,2,3,3,4,3,3,3,3,1
17000,4,4,2,4,7,4,3,3,3,3,3
1833.3,4,4,2,3,7,4,3,3,3,3,4
4500,4,4,1,4,6,4,3,3,3,3,1
1600,3,4,2,2,4,4,3,3,3,3,4
9000,4,4,2,4,7,4,3,3,3,3,2
2500,4,3,2,3,6,4,3,3,3,3,3
0,4,3,2,3,2,2,3,3,3,3,1
1494,4,3,2,4,2,4,3,3,3,3,1
2533.3,4,4,2,4,4,3,3,3,3,3,2
2600,4,4,2,4,7,4,3,3,3,3,3
1875,4,4,2,3,2,4,3,3,3,3,2
2800,4,4,2,4,1,4,3,3,3,3,1
1600,4,4,2,4,3,4,3,3,3,3,1
1750,4,3,2,3,3,4,3,3,3,3,4
4200,4,3,2,4,4,4,3,3,3,3,4
0,4,4,2,2,3,4,3,3,3,3,1
2000,4,4,2,4,5,4,3,3,3,3,2
1575,4,3,2,4,5,4,3,3,3,3,4
3350,4,4,2,3,3,4,3,3,3,3,4
1166.7,4,4,2,4,7,4,3,3,3,3,2
750,3,4,2,3,2,4,3,3,3,3,1
3900,4,4,2,4,6,4,3,3,3,3,4
2300,4,4,2,4,2,4,3,3,3,3,1
1200,4,1,2,4,5,4,3,3,3,3,3
816,4,3,2,2,3,4,3,3,3,3,4
2333.3,4,4,2,4,5,2,3,3,3,3,4
500,1,3,2,4,2,2,3,3,3,3,2
760,4,3,2,2,4,4,3,3,3,3,4
2500,4,3,2,4,5,4,3,3,3,3,2
1666.7,4,4,2,4,3,4,3,3,3,3,1
500,4,4,2,4,7,4,3,3,3,3,2
350,4,3,2,1,2,4,3,3,3,3,2
2600,4,4,2,4,4,4,3,3,3,3,1
857.14,4,4,2,3,5,4,3,3,3,3,4
750,4,4,2,4,5,3,3,3,3,3,4
2333.3,4,2,2,4,7,4,3,3,3,3,3
710,3,4,2,3,5,4,3,3,3,3,2
1192.5,4,3,2,3,4,4,3,3,3,3,4
1724,4,4,2,3,5,4,3,3,3,3,4
2500,4,4,2,4,4,4,3,3,3,3,4
2500,4,4,2,4,4,4,3,3,3,3,4
4600,4,4,2,4,6,4,3,3,3,3,2
2150,4,2,2,3,3,4,3,3,3,3,1
913.33,4,3,2,3,2,2,2,3,3,3,2
4650,4,3,2,4,6,4,3,3,3,3,4
4300,4,3,1,4,5,4,3,3,3,3,2
1500,4,4,2,3,6,3,3,3,3,3,1
3533.3,4,4,2,4,2,4,3,3,3,3,1
573.33,4,4,2,2,3,4,3,3,3,3,4
471.43,3,2,1,1,2,1,1,3,2,3,2
1600,4,4,2,3,5,4,3,3,3,3,2
5000,4,4,2,4,7,4,3,3,3,3,3
1825,4,4,2,3,4,4,3,3,3,3,1
4000,4,4,2,4,7,4,3,3,3,3,1
2833.3,3,4,2,3,6,4,3,3,3,3,4
3695,4,3,2,4,4,3,3,3,3,3,2
1800,4,4,2,4,5,4,3,3,3,3,2
3000,4,4,2,4,2,4,3,3,3,3,1
1600,2,2,2,4,1,4,3,3,3,3,1
1157.5,4,4,2,3,4,4,3,3,3,3,2
3000,4,4,2,4,3,4,3,3,3,3,1
2214.3,4,4,2,3,3,4,3,3,3,3,3
2975,4,4,2,4,3,4,3,3,3,3,1
3500,4,4,2,4,3,4,3,3,3,3,1
2060,4,3,2,3,3,4,2,3,2,3,1
5200,4,4,2,4,3,4,3,3,3,3,2
1200,4,3,2,4,3,4,3,3,3,3,1
1850,4,4,2,4,3,4,3,3,3,3,1
2400,4,4,2,4,4,4,3,3,3,3,1
1866.7,4,4,2,4,5,4,3,3,3,3,1
1600,2,1,2,4,1,1,1,3,2,3,1
1475,4,4,2,4,7,4,3,3,3,3,2
1116.7,4,4,2,3,5,4,3,3,3,3,3
2000,4,4,2,4,7,4,3,3,3,3,3
2500,4,4,2,4,7,3,3,3,3,3,1
1800,4,4,2,4,5,3,3,3,3,3,1
666.67,4,4,2,3,5,3,3,3,3,3,3
936,4,4,2,3,2,3,3,3,3,3,1
1071.4,3,2,2,2,5,4,3,3,3,3,2
1900,4,4,2,4,2,4,3,3,3,3,1
1000,4,4,2,4,6,4,3,3,3,3,1
8000,4,4,2,4,7,4,3,3,3,3,1
1500,4,4,2,4,4,4,3,3,3,3,1
1250,4,2,2,4,3,4,2,3,2,3,4
6500,4,4,2,4,5,4,3,3,3,3,1
4525,4,4,2,4,7,4,3,3,3,3,2
1200,3,3,2,3,4,4,3,3,3,3,2
1840,4,4,2,4,4,3,3,3,3,3,2
1500,4,3,2,4,2,3,3,3,3,3,4
1700,4,4,2,4,4,3,3,3,3,3,2
2250,4,4,2,4,2,4,3,3,3,3,1
1900,4,4,2,4,5,4,3,3,3,3,4
255.56,4,3,2,2,2,4,2,3,2,3,1
2240,3,4,2,3,4,4,3,3,3,3,1
2800,4,4,2,4,7,4,3,3,3,3,4
7666.7,4,4,2,4,5,4,3,3,3,3,4
2500,4,4,2,3,3,3,3,3,3,3,2
800,4,4,2,4,2,4,3,3,3,3,1
887.5,4,4,2,3,4,4,3,3,3,3,3
3900,4,4,2,4,5,4,3,3,3,3,1
720,4,4,2,4,5,4,3,2,3,3,4
2400,4,4,2,4,4,4,3,3,3,3,1
360,4,3,2,3,3,4,3,3,3,3,1
716.67,4,4,2,4,3,4,3,3,3,3,2
2400,4,3,2,4,2,4,3,3,3,3,1
1375,4,4,2,3,3,4,3,3,3,3,3
2500,4,4,2,4,3,4,3,3,3,3,1
1275,4,4,2,4,3,4,3,3,3,3,4
700,4,4,2,4,6,4,3,3,3,3,2
1000,4,4,2,4,3,4,3,3,3,3,1
2333.3,4,4,2,3,5,4,3,3,3,3,1
455.56,3,4,2,2,3,2,3,3,3,3,2
1600,4,4,2,4,7,4,3,3,3,3,2
900,3,3,2,4,4,3,3,3,3,3,4
470,4,4,2,3,3,3,3,3,3,3,2
1700,4,4,2,4,6,4,3,3,3,3,2
5000,4,4,2,4,4,4,3,3,3,3,1
600,4,4,2,4,6,4,3,3,3,3,2
1971.3,2,3,2,3,3,4,3,3,3,3,3
850,4,4,2,4,3,3,3,3,3,3,2
1456.7,4,4,2,3,3,4,2,3,2,3,3
1300,4,4,2,4,6,4,3,3,3,3,1
933.33,4,4,2,4,4,4,3,3,3,3,4
1513.3,4,4,2,4,2,2,3,3,3,3,1
2400,4,2,2,4,2,1,1,3,2,3,1
786.67,4,4,2,4,5,4,3,3,3,3,3
3800,3,4,2,4,6,4,3,3,3,3,3
4200,4,4,2,4,2,3,3,3,3,3,4
1850,4,4,2,4,3,3,2,3,3,3,2
6500,4,4,2,4,5,4,3,3,3,3,3
1000,4,4,2,4,6,4,3,3,3,3,1
1000,4,4,2,4,6,4,3,3,3,3,4
3400,4,4,2,4,2,2,3,3,3,3,2
1125,4,4,2,3,5,4,3,3,3,3,2
4333.3,2,4,2,4,7,4,3,3,3,3,4
435,4,4,2,4,5,4,3,3,3,3,4
378.33,4,1,2,2,3,4,2,3,2,3,2
4000,4,4,2,4,7,4,3,3,3,3,2
850,4,3,2,4,4,4,3,3,3,3,2
2666.7,4,4,2,4,2,4,3,3,3,3,3
2025,4,4,2,4,5,4,3,3,3,3,4
5000,4,2,2,4,7,4,3,3,3,3,3
775,3,4,2,3,3,3,3,3,3,3,2
550,2,2,2,3,5,1,1,3,2,3,1
3000,4,4,2,4,5,4,3,3,3,3,3
2100,4,4,2,4,7,4,3,3,3,3,1
180,3,4,2,3,4,2,2,3,2,3,1
3350,4,4,2,3,2,4,3,3,3,3,1
786.67,4,3,2,2,5,4,2,3,2,3,4
1333.3,4,4,2,4,5,4,3,3,3,3,4
1350,4,4,2,4,6,4,3,3,3,3,1
1750,4,4,2,4,2,4,3,3,3,3,4
2866.7,4,4,2,4,2,3,3,3,3,3,3
1312.5,4,4,2,3,4,4,3,3,3,3,1
800,4,2,2,3,5,3,3,3,3,3,1
756.67,3,2,2,1,3,3,3,3,3,3,2
1050,2,4,2,4,4,4,3,3,3,3,1
3000,4,3,2,4,4,3,3,3,3,3,1
2000,4,2,2,4,2,4,2,3,2,3,1
616,4,4,2,4,5,4,3,3,3,3,1
2471.4,4,2,2,1,3,4,3,3,3,3,4
3000,4,4,2,4,2,3,3,3,3,3,1
1050,4,4,2,4,4,4,3,3,3,3,1
2050,4,4,2,4,2,4,3,3,3,3,1
400,4,3,1,3,1,4,3,3,3,3,1
520,4,4,2,4,5,4,3,3,3,3,4
5800,4,4,2,4,7,4,3,3,3,3,2
187.5,3,4,2,3,2,2,3,3,3,3,1
666.67,4,4,2,2,7,4,3,3,3,3,3
2000,4,4,2,4,6,4,3,3,3,3,1
1133.3,4,4,2,4,3,3,3,3,3,3,1
2016.7,3,3,2,3,3,3,3,3,3,3,4
5000,4,4,2,4,5,4,3,3,3,3,1
6333.3,2,4,2,4,7,4,3,3,3,3,3
2900,3,4,2,4,3,4,3,3,3,3,4
583.33,4,1,2,2,3,4,2,3,2,3,4
1225,4,4,2,4,3,4,3,3,3,3,1
947.8,4,2,2,3,3,2,3,3,3,3,3
1015,4,2,2,3,3,3,3,3,3,3,3
2400,4,4,2,3,5,3,3,3,3,3,3
1985,2,4,2,4,2,4,3,3,3,3,2
975,2,2,2,3,1,4,2,3,3,3,2
515.56,4,3,2,2,3,4,3,3,3,3,4
700,4,4,2,3,5,3,2,3,3,3,2
2050,3,3,2,3,2,3,3,3,3,3,2
2500,3,4,2,4,7,4,3,3,3,3,1
1733.3,4,3,2,4,6,4,3,3,3,3,4
1650,4,1,2,4,1,1,1,3,2,3,1
1012,4,3,2,3,6,2,3,3,3,3,4
833.33,4,4,2,4,3,4,3,3,3,3,3
3420,4,4,2,3,3,4,3,3,3,3,4
1220,4,3,2,3,3,3,3,3,3,3,3
1300,4,4,3,4,3,3,3,3,2,3,1
1140,4,2,2,3,2,1,1,1,2,2,4
925,4,2,2,3,5,2,3,3,3,2,4
4800,4,3,2,4,2,2,3,3,3,3,1
1666.7,4,4,2,4,6,3,3,3,3,3,4
2750,4,4,2,4,5,3,3,3,3,3,2
1666.7,4,4,2,4,4,4,3,3,3,3,1
1000,4,3,2,3,2,4,3,3,3,3,1
3790,4,4,2,4,3,4,3,3,3,3,2
6000,4,4,2,4,7,4,3,3,3,3,2
1966.7,4,4,2,4,3,4,3,3,3,3,3
4600,3,4,2,4,7,4,3,3,3,3,1
1700,4,4,2,4,2,4,3,3,3,3,1
2050,4,4,2,4,3,4,3,3,3,3,1
850,4,2,2,4,3,4,3,3,3,3,1
2333.3,4,4,2,4,5,4,3,3,3,3,3
3700,4,4,2,4,7,4,3,3,3,3,4
1650,4,4,2,4,2,4,3,3,3,3,1
233.33,4,2,2,4,3,3,3,3,3,3,1
600,3,3,2,3,5,4,3,3,3,3,2
1150,4,3,2,3,1,4,3,3,3,3,1
2500,4,4,2,4,5,4,3,3,3,3,1
340,4,4,2,2,3,4,3,3,3,3,1
820,2,1,2,3,2,1,1,3,2,2,4
2750,4,4,2,4,4,4,3,3,3,3,1
708,3,2,2,2,2,2,2,3,3,3,2
0,1,2,2,3,3,1,1,2,2,3,1
1921.7,4,3,2,4,4,2,2,3,3,3,3
750,4,4,2,4,1,4,3,3,3,3,1
6000,4,4,2,4,7,4,3,3,3,3,2
1000,4,3,2,2,5,4,3,3,3,3,4
1150,4,4,2,4,3,3,3,3,3,3,1
1850,2,4,2,4,3,4,3,3,3,3,2
1200,4,4,2,4,5,4,3,3,3,3,1
1400,4,4,2,4,4,3,3,3,3,3,2
10000,4,3,2,4,7,4,3,3,3,3,3
4250,4,4,2,4,7,4,3,3,3,3,2
625,4,4,2,3,6,3,3,3,3,3,1
3000,4,4,2,3,3,4,3,3,3,3,4
1725,4,4,2,4,5,4,3,3,3,3,1
1480,4,4,2,4,3,3,3,3,3,3,3
1775,4,4,2,4,3,4,3,3,3,3,2
1200,4,4,2,4,3,4,3,3,3,3,1
5130,4,4,2,4,2,4,3,3,3,3,1
4250,4,4,2,4,7,4,3,3,3,3,2
3000,4,4,2,4,6,4,3,3,3,3,2
3100,4,4,2,4,4,4,3,3,2,3,4
500,4,3,2,4,4,3,3,3,3,3,4
400,2,2,2,3,2,1,1,3,2,1,4
1125,4,4,2,3,7,4,3,3,3,3,2
2690,4,3,2,4,4,4,3,3,3,3,4
1800,4,4,2,4,7,3,3,2,3,3,1
2833.3,4,4,2,4,7,4,3,3,3,3,1
1133.3,4,3,2,4,2,3,3,3,3,3,1
1850,4,4,2,3,5,4,3,3,3,3,4
7500,4,4,2,4,6,4,3,3,3,3,3
800,4,4,2,4,4,3,3,3,3,3,1
5000,4,4,2,4,7,4,3,3,3,3,2
1950,4,4,2,4,3,4,3,3,3,3,1
760,3,4,2,3,4,4,3,3,3,3,4
620,3,2,2,2,5,1,1,2,2,3,3
7500,4,4,2,4,7,4,3,3,3,3,1
900,4,4,2,4,5,4,3,3,3,3,2
5000,4,4,2,4,3,3,3,3,3,3,1
4000,4,4,2,4,5,4,3,3,3,3,1
1520,4,4,2,2,5,4,3,3,3,3,2
1120,4,4,2,2,5,4,3,3,3,3,4
2150,4,4,2,1,3,4,3,3,3,3,4
872.5,4,3,2,4,3,4,3,3,3,3,4
1400,4,3,2,4,2,2,2,3,1,3,2
1000,4,4,2,4,4,4,3,3,3,3,2
1500,4,4,2,4,6,4,3,3,3,3,1
166.67,4,4,2,3,4,4,3,3,3,3,2
250,2,1,2,3,3,1,1,3,2,3,4
1950,4,3,2,4,2,4,3,3,3,3,1
8000,4,4,2,4,7,4,3,3,3,3,4
600,4,4,2,3,5,3,3,3,3,3,3
966.67,4,4,2,3,3,4,3,3,3,3,4
4000,3,4,2,4,5,4,3,3,3,3,1
4866.7,4,4,2,4,6,4,3,3,3,3,1
8500,4,4,2,4,5,3,3,3,3,3,2
830,4,1,2,1,2,1,1,3,2,2,3
728.57,2,4,2,3,2,4,3,3,3,3,1
1600,4,3,2,4,2,2,3,3,3,3,1
1500,4,4,2,4,5,4,3,3,3,3,2
583.33,4,4,2,3,4,4,3,3,3,3,3
483.33,4,3,2,4,4,4,3,3,3,3,1
1605,4,4,2,3,2,4,3,3,3,3,4
8000,4,4,2,4,6,4,3,3,3,3,2
2150,4,2,2,4,2,4,3,3,3,3,1
812.5,3,4,2,3,3,4,3,3,3,3,2
2466.7,4,4,2,3,5,4,3,3,3,3,2
682.5,4,3,2,3,4,4,3,3,3,3,2
2790,4,4,2,4,5,4,3,3,3,3,4
7000,4,4,2,4,3,4,3,3,3,3,1
5400,4,4,2,4,3,4,3,3,3,3,1
1000,4,4,2,4,3,4,3,3,3,3,1
5200,4,4,2,4,5,4,3,3,3,3,3
1200,3,4,2,3,4,4,3,3,3,3,3
7500,4,4,2,4,7,4,3,3,3,3,3
1933.3,4,3,2,3,4,4,3,3,3,3,3
1614,3,2,2,3,2,4,3,3,3,3,1
725,4,3,2,3,2,3,3,3,3,3,1
2566.7,4,2,2,2,2,4,2,2,2,3,1
0,4,4,2,3,5,3,3,3,3,3,1
1087.5,4,4,2,4,3,4,3,3,3,3,3
2593.3,4,3,2,3,3,3,2,3,2,3,1
771.43,4,1,2,1,4,1,1,3,1,1,3
2000,4,4,2,4,6,4,3,3,3,3,1
1000,4,4,2,2,3,4,3,3,3,3,4
1500,4,4,2,4,4,3,3,3,3,3,2
428.57,4,1,2,1,2,4,2,3,2,3,3
0,3,4,2,4,6,4,3,3,3,3,1
750,4,3,2,3,3,4,3,3,3,3,4
3000,4,4,2,4,5,4,3,3,3,3,1
2100,4,4,2,4,3,3,3,3,3,3,1
2500,4,4,2,3,5,3,3,3,3,3,3
2400,4,3,2,4,3,3,3,3,3,3,2
3200,4,4,2,4,7,4,3,3,3,3,2
3800,4,4,2,4,5,4,3,3,3,3,3
3000,4,4,2,3,5,4,3,3,3,3,1
500,3,1,1,4,4,1,1,1,1,1,2
675,4,4,2,3,4,3,3,3,3,3,3
8000,4,4,2,4,7,4,3,3,3,3,1
6000,4,4,2,4,3,4,3,3,3,3,1
1625,4,4,2,4,5,4,3,3,3,3,2
1666.7,4,4,2,2,5,3,3,3,3,3,2
4708.3,4,2,2,3,4,3,3,3,3,3,4
2100,3,4,2,4,2,4,3,3,3,3,1
2166.7,4,3,2,4,5,4,3,3,3,3,4
1200,4,4,2,4,3,4,3,3,3,3,1
912,2,2,2,3,3,4,3,3,3,3,1
1400,4,4,2,3,4,4,3,3,3,3,4
1300,4,4,2,4,4,4,3,3,3,3,1
3400,4,4,2,4,6,2,3,3,3,3,2
4633.3,4,4,2,4,4,4,3,3,3,3,1
4900,4,4,2,4,4,4,3,3,3,3,1
1056.7,3,4,2,2,5,4,3,3,3,3,1
392.5,3,2,2,3,2,3,3,3,3,3,2
875,4,4,2,2,3,4,3,3,3,3,3
6000,4,4,2,4,6,3,3,3,3,3,4
1042.9,4,4,2,3,6,3,3,3,3,3,4
2300,4,4,2,4,7,4,3,3,3,3,2
4333.3,4,4,2,4,5,4,3,3,3,3,1
1333.3,4,4,2,3,3,4,3,3,3,3,1
2528.6,2,4,2,3,4,4,3,3,3,3,1
1272,3,4,2,3,3,4,3,3,3,3,1
3500,4,3,2,4,3,4,3,3,3,3,4
1025,4,3,2,1,5,4,3,3,3,3,4
1460,4,2,2,3,5,4,3,3,3,3,1
10600,4,4,2,4,7,4,3,3,3,3,4
960,4,4,2,3,3,4,3,3,3,3,1
7000,4,4,2,4,4,4,3,3,3,3,1
1766.7,4,4,2,4,5,3,3,3,3,3,3
2200,4,4,2,4,2,4,3,3,3,3,1
1612.5,4,4,2,3,3,4,3,3,3,3,1
2300,4,4,2,4,5,4,3,3,3,3,1
485,4,3,2,3,3,4,3,3,3,3,2
500,4,3,2,3,4,4,3,3,3,3,4
842.86,2,1,2,3,3,3,2,3,2,3,4
3100,4,3,2,4,7,3,3,3,3,3,2
4625,4,4,2,4,5,4,3,3,3,3,1
1000,4,4,2,4,5,4,3,3,3,3,2
2333.3,4,4,2,4,5,4,3,3,3,3,4
1533.3,4,4,2,4,5,3,3,3,3,3,4
3000,3,1,2,4,2,1,1,3,2,3,2
2200,4,4,2,4,2,3,2,3,3,3,1
1116.7,4,4,2,4,3,4,3,3,3,3,1
985.71,4,4,2,3,5,4,3,3,3,3,3
1150,4,4,2,4,3,4,3,3,3,3,1
900,4,3,2,3,5,4,2,3,2,3,1
666.67,4,4,2,4,2,4,3,3,3,3,1
2750,4,4,2,3,5,4,3,3,3,3,4
1566.7,4,4,2,4,4,4,3,3,3,3,2
4333.3,4,4,2,4,7,4,3,3,3,3,3
1550,4,4,2,3,3,4,3,3,3,3,3
10000,4,4,2,4,3,4,3,3,3,3,4
2000,4,4,2,4,5,4,3,3,3,3,1
3000,4,4,2,4,2,4,3,3,3,3,1
2760,4,4,2,3,5,3,3,3,3,3,4
340,4,4,2,4,3,3,3,3,3,3,1
2850,4,4,2,4,5,4,3,3,3,3,2
3200,4,4,2,3,5,4,3,3,3,3,3
11136,4,4,2,4,7,4,3,3,3,3,2
900,4,4,2,1,5,4,3,3,3,3,2
5050,4,4,2,4,7,4,3,3,3,3,2
257.14,4,4,2,2,4,4,3,3,3,3,2
2450,4,4,2,4,7,4,3,3,3,3,2
4600,4,4,2,3,5,4,3,3,3,3,4
1025,4,2,2,4,3,3,3,3,3,3,4
525,3,4,2,3,2,4,3,3,3,3,4
555,4,4,2,4,6,4,3,3,3,3,2
180,4,4,2,3,5,4,3,3,3,3,4
1900,4,2,2,4,3,4,3,3,3,3,2
2000,4,4,2,4,5,4,3,3,3,3,4
600,4,4,2,1,5,4,3,3,3,3,4
3200,4,4,2,4,3,3,3,3,3,3,1
1433.3,4,4,2,4,5,3,3,3,3,3,2
1500,4,4,2,4,5,4,3,3,3,3,4
3500,4,4,2,4,4,4,3,3,3,3,4
7000,3,4,2,4,6,4,3,3,3,3,1
11000,4,4,2,4,6,4,3,3,3,3,2
3025,3,4,2,3,3,4,3,3,3,3,1
3800,4,4,2,4,6,4,3,3,3,3,2
1550,2,4,2,4,5,4,3,3,3,3,1
1573.3,4,4,2,4,3,3,3,3,3,3,1
1600,4,3,2,3,4,4,3,3,3,3,2
1440,4,4,2,3,2,4,3,3,3,3,1
1200,4,3,2,3,3,3,3,3,3,3,4
1000,4,4,2,3,7,4,3,3,3,3,2
500,4,4,2,3,3,3,3,3,3,3,4
648.33,4,4,2,3,2,3,3,3,2,3,1
2900,4,4,2,4,6,3,3,3,3,3,3
666.67,4,3,2,4,3,4,3,3,3,3,4
2500,4,4,2,4,2,4,3,3,3,3,1
365.45,4,3,2,2,2,4,2,3,2,3,1
1250,4,4,2,3,5,4,3,3,3,3,3
1500,4,4,2,4,5,4,3,3,3,3,2
1933.3,4,4,2,4,2,4,3,3,3,3,1
2000,4,4,2,4,3,4,3,3,3,3,3
1880,4,4,2,3,5,4,3,3,3,3,4
933.33,4,4,2,4,2,4,3,3,3,3,1
2666.7,4,4,2,4,5,3,3,3,3,3,4
4000,4,4,2,4,7,4,3,3,3,3,2
1675,4,1,2,3,3,4,2,3,2,3,1
700,4,4,3,4,5,3,3,3,3,3,3
500,4,4,2,3,7,4,3,3,3,3,3
4000,4,4,2,4,3,3,2,3,3,3,3
428.57,4,4,2,3,7,4,3,3,3,3,3
750,4,4,2,4,3,3,3,3,3,3,2
840,2,2,2,3,5,4,3,3,3,3,4
1000,2,4,2,3,6,4,3,3,3,3,3
2000,4,4,2,4,5,4,3,3,3,3,2
4000,4,4,2,4,6,4,3,3,3,3,1
10000,4,4,2,4,7,3,3,3,3,1,3
2300,4,4,2,4,2,4,3,3,3,3,1
4800,4,4,2,4,7,3,3,3,3,3,3
8000,4,4,2,4,3,3,3,3,3,3,1
4250,2,4,2,4,3,4,3,3,3,3,1
3600,2,4,2,4,5,4,3,3,3,3,1
1120,4,4,2,3,3,4,3,3,3,3,1
3000,4,4,2,4,6,4,3,3,3,3,1
2500,4,4,2,4,4,3,3,3,3,3,4
2400,4,4,2,4,5,4,3,3,3,3,1
0,4,3,2,4,5,4,3,3,3,3,1
2433.3,4,4,2,4,3,4,3,3,3,3,1
6500,4,4,2,4,7,4,3,3,3,3,2
733.33,4,3,2,4,3,2,3,3,3,3,1
1400,4,4,2,3,3,3,3,3,3,3,4
983.33,4,4,2,3,5,4,3,3,3,3,4
3333.3,4,4,2,3,5,4,3,3,3,3,1
2600,4,4,2,3,5,4,3,3,3,3,1
3133.3,4,4,2,4,4,4,3,3,3,3,1
2400,4,4,2,4,5,3,3,3,3,3,1
333.33,4,4,2,4,5,4,3,3,3,3,4
1600,4,4,2,4,5,4,3,3,3,3,1
5200,4,4,2,4,5,3,3,3,3,3,4
920,4,3,2,3,3,4,3,3,3,3,4
