4300,4,4,2,4,5,4,3,3,3,3,1
793.33,4,4,3,2,6,4,3,3,3,3,1
1900,4,4,3,3,5,4,3,3,3,3,1
3137.5,4,4,3,4,7,4,3,3,3,3,2
1740,4,4,2,4,3,4,3,3,3,3,1
2340,4,4,2,2,2,2,2,3,2,3,2
3633.3,4,4,3,3,5,4,3,3,3,3,2
3200,4,4,2,4,2,3,3,3,3,3,1
500,4,4,2,3,5,4,3,3,3,3,1
3000,4,4,3,4,7,4,3,3,3,3,3
2400,4,3,3,4,3,4,3,3,3,3,3
2390,4,4,3,4,5,4,3,3,3,3,2
3533.3,4,4,1,4,5,4,3,3,3,3,3
2566.7,4,4,2,4,7,4,3,3,3,3,2
2300,4,4,3,4,6,4,3,3,3,3,1
1500,4,2,3,2,5,4,3,3,3,3,3
6750,4,4,3,4,3,4,3,3,3,3,1
1128.6,3,4,2,3,5,3,3,3,3,3,1
2400,4,3,3,4,2,4,3,3,3,3,4
4300,4,4,2,4,4,4,3,3,3,3,4
1140,4,4,2,3,5,3,3,3,3,3,4
200,4,2,2,1,3,4,3,3,3,3,1
3000,4,3,3,4,5,3,2,3,3,3,1
714.29,4,2,2,1,3,3,3,3,2,3,4
2666.7,3,4,3,4,7,4,3,3,3,3,1
830,4,3,2,4,3,3,3,3,3,3,2
1333.3,4,2,2,3,6,4,3,3,2,3,1
3800,4,3,1,4,3,4,3,3,2,3,4
5000,4,2,3,3,6,2,2,3,2,3,4
900,4,4,3,4,4,3,3,3,3,3,2
6000,4,4,3,4,5,3,3,3,3,3,1
1290,4,4,3,3,6,4,3,3,3,3,4
562.22,4,4,2,2,3,3,2,3,2,3,2
2000,4,4,2,4,3,4,3,3,3,3,2
4000,4,4,2,4,5,4,3,3,3,3,1
5200,3,4,3,4,7,4,3,3,3,3,2
2400,4,4,3,4,3,4,3,3,3,3,1
1552,4,4,2,3,3,2,3,3,3,3,4
2250,4,4,3,4,5,4,3,3,3,3,2
2600,3,4,2,4,5,3,3,3,3,3,4
720,4,2,2,3,4,3,2,3,3,3,3
5400,4,4,2,4,5,4,3,3,3,3,4
2900,4,4,3,4,6,4,3,3,3,3,3
6000,4,4,3,4,7,4,3,3,3,3,2
550,4,2,2,3,5,3,3,3,3,3,1
14333,4,3,3,4,7,4,3,3,3,3,3
1000,4,4,2,3,3,3,3,3,3,3,1
2166.7,4,3,3,4,7,4,3,3,3,3,1
2240,4,4,3,1,7,4,3,3,2,3,3
3233.3,4,4,2,4,5,4,3,3,3,3,1
3000,4,3,3,3,7,4,3,3,3,3,4
3250,4,4,3,4,5,4,3,3,3,3,1
3100,4,2,3,4,4,4,3,1,3,3,1
7450,4,4,3,4,7,4,3,3,3,3,2
580,3,4,2,1,4,4,3,3,2,3,1
7000,4,4,3,4,7,4,3,3,3,3,3
800,4,3,3,4,6,4,3,3,3,3,1
1966.7,3,4,3,4,5,4,3,3,3,3,4
5500,4,4,3,4,5,4,3,3,3,3,1
640,4,4,2,2,2,4,3,3,3,3,1
2300,4,2,2,4,5,3,3,1,2,3,2
1900,4,4,3,4,7,4,3,3,3,3,1
4800,4,4,3,4,2,4,3,3,3,3,1
10000,4,4,2,4,5,4,3,3,3,3,2
1800,4,4,2,4,6,4,3,3,3,3,1
3825,4,4,2,3,2,4,3,3,3,3,2
1237.5,4,4,3,3,5,4,3,3,3,3,3
5000,4,4,3,4,5,4,3,3,3,3,1
2850,3,4,2,4,5,4,3,3,3,3,2
866.67,4,4,3,4,3,4,3,3,3,3,1
2966.7,4,4,3,4,7,4,3,3,3,3,4
2080,4,4,3,3,1,3,3,3,3,3,1
8500,4,4,3,4,7,4,3,3,3,3,3
3566.7,4,3,3,4,6,3,2,3,3,3,4
2080,4,4,3,3,2,3,3,3,3,3,4
2750,4,4,3,4,6,4,3,3,3,3,3
3350,4,4,3,4,5,4,3,3,3,3,1
2500,4,4,3,4,5,4,3,3,3,3,2
1850,4,2,2,3,5,3,3,3,3,3,2
3000,4,4,2,4,3,3,3,3,3,3,4
1583.3,4,4,3,3,5,4,3,3,3,3,1
2530,3,3,2,3,3,4,3,1,3,3,4
5000,4,4,3,4,6,4,3,3,3,3,2
1500,4,3,2,1,3,4,3,3,3,3,3
1126,4,4,2,3,3,3,3,3,3,3,2
1710,4,4,3,2,3,4,3,3,3,3,4
2100,4,3,2,4,5,4,3,3,3,3,1
693.33,2,2,2,3,4,1,1,3,3,3,1
1325,4,4,2,3,7,4,3,3,3,3,4
8000,4,4,2,4,7,4,3,3,3,3,2
3854,3,4,3,4,5,4,3,3,3,3,1
1700,4,4,3,4,4,4,3,3,3,3,1
2950,4,4,3,4,6,4,3,3,3,3,1
1240,4,3,2,3,2,4,3,3,3,3,2
1750,4,4,3,4,4,4,3,3,3,3,3
2400,4,4,3,4,3,4,3,3,3,3,1
5150,4,4,3,4,6,4,3,3,3,3,2
3450,3,3,2,4,6,4,3,3,3,3,2
720,4,2,3,2,3,4,3,3,3,3,1
12500,4,3,3,4,7,4,3,3,3,3,4
5433.3,4,4,2,4,3,3,3,3,3,3,1
7500,4,4,3,4,5,4,3,3,3,3,1
2400,4,3,2,4,3,4,3,3,3,3,1
3000,4,3,2,4,4,4,3,3,3,3,4
1716.7,4,4,3,3,5,4,3,3,3,3,1
1400,4,4,2,3,7,4,3,3,3,3,4
2266.7,4,3,2,4,7,3,3,3,3,3,4
3425,4,4,2,4,3,4,3,3,3,3,1
1046,4,3,2,3,2,2,3,3,3,3,1
2875,4,4,3,3,5,4,3,3,3,3,1
1333.3,4,4,3,3,5,3,3,3,3,3,2
1300,4,4,2,3,5,3,3,3,3,3,4
1916.7,4,3,2,2,5,4,3,3,3,3,4
1150,4,4,3,4,3,4,3,3,3,3,1
3000,3,4,3,4,3,3,3,3,3,3,1
2540,4,4,2,4,2,3,3,3,3,3,1
3900,4,4,3,4,7,4,3,3,3,3,4
866.67,4,4,2,3,3,4,3,3,3,3,2
2428.6,4,4,2,3,4,4,3,3,3,3,2
2833.3,4,4,2,3,7,3,3,3,3,3,2
2825,4,4,3,3,3,4,3,3,3,3,2
1125,4,3,3,3,2,4,3,3,3,3,2
525,4,2,1,4,2,1,1,3,1,1,1
2600,4,4,2,3,7,4,3,3,3,3,3
3000,4,4,3,4,3,3,3,3,3,3,1
4000,4,4,3,4,3,4,3,3,3,3,1
9750,4,4,3,4,7,4,3,3,3,3,2
8000,3,4,3,4,5,4,3,3,3,3,3
700,2,4,3,4,2,4,3,2,3,3,1
3400,4,3,2,4,6,4,3,3,3,3,1
210,4,3,2,1,3,4,3,3,3,3,1
714.29,4,2,3,2,4,4,3,3,3,3,3
1450,2,4,2,3,6,4,3,2,2,3,1
0,4,3,3,4,4,4,3,3,3,3,1
6000,3,4,2,4,6,4,3,3,3,3,2
24000,4,4,3,4,6,4,3,3,3,3,3
612.73,4,3,2,1,3,4,3,3,3,3,1
2642.9,4,3,3,2,3,4,3,3,3,3,1
2248,4,4,3,3,7,4,3,3,3,3,4
37.5,3,4,3,4,5,4,3,3,3,3,2
5600,4,4,2,4,4,4,3,3,3,3,4
742.86,4,4,2,2,3,4,3,3,3,3,1
960,4,3,2,1,6,4,3,3,3,3,1
971.43,4,4,3,3,5,4,3,3,3,3,1
1374.3,4,4,3,3,3,4,3,3,3,3,1
4225,4,4,3,4,5,4,3,3,3,3,4
828.57,4,3,2,2,5,4,3,3,3,3,4
2000,4,4,3,4,3,3,3,3,3,3,1
1575,4,4,3,3,5,4,3,3,3,3,4
3400,4,4,3,4,3,4,3,3,3,3,1
1333.3,4,3,2,3,5,3,3,3,3,3,4
1100,3,3,3,3,6,4,3,3,3,3,1
2000,4,4,3,4,7,4,3,3,3,3,2
1333.3,4,4,3,4,3,4,3,1,3,3,1
4000,4,3,3,4,1,4,3,3,3,3,1
1080,4,4,3,4,3,4,3,3,3,3,1
750,3,3,2,3,3,3,2,3,2,3,4
4000,4,4,3,4,5,1,1,3,3,3,1
880,3,3,3,3,3,4,3,3,3,3,1
1385,4,2,3,3,5,4,3,3,3,3,1
1400,4,4,2,4,4,2,3,3,3,3,4
720,3,4,3,3,4,4,3,3,3,3,1
1000,4,4,2,4,7,3,3,3,3,3,1
1925,4,4,3,4,7,4,3,3,3,3,1
2150,4,4,3,4,7,4,3,3,3,3,1
650,4,2,2,2,4,2,2,3,3,3,3
2400,4,4,3,4,3,4,3,3,3,3,1
1366.7,4,4,3,4,3,4,3,3,3,3,2
3000,4,3,2,4,4,4,3,3,3,3,4
566.67,4,4,2,4,3,4,3,3,3,3,4
1675,4,3,2,1,4,3,2,3,3,3,4
7000,4,3,2,4,7,3,2,3,3,3,3
1030,4,4,3,3,2,4,3,3,3,3,1
2475,4,4,2,4,5,4,3,3,3,3,2
3000,4,4,3,4,3,4,3,3,3,3,1
2500,4,4,2,4,4,3,3,3,3,3,4
300,4,4,2,4,6,4,3,3,3,3,2
2600,4,3,2,2,3,4,3,3,3,3,4
840,4,2,2,3,3,4,3,1,3,3,1
3000,4,4,3,3,4,4,3,3,3,3,2
3800,4,4,2,4,5,3,3,3,3,3,1
3600,4,4,3,4,3,3,3,3,3,3,1
2400,4,4,2,4,4,4,3,3,3,3,1
600,4,4,3,3,7,4,3,3,3,3,4
2666.7,4,2,2,4,6,4,3,3,3,3,4
1650,4,3,2,3,3,4,3,3,3,3,4
1500,4,4,3,4,5,3,3,3,3,3,1
6333.3,4,3,3,4,5,4,3,3,3,3,1
1725,4,4,3,4,3,4,3,3,3,3,1
2075,4,4,3,4,7,4,3,3,3,3,1
1272,4,4,2,3,3,3,3,3,3,3,4
1640,3,4,2,3,3,3,3,3,3,3,4
2000,4,3,2,4,2,4,3,3,3,3,1
5500,4,3,2,4,4,3,3,3,3,3,4
1357.1,4,3,3,2,4,4,3,3,3,3,2
3825,4,4,3,4,7,4,3,3,3,3,2
630,4,2,2,1,4,4,3,3,3,3,4
420,4,2,2,4,4,4,3,3,3,3,2
1290,4,3,3,2,5,4,3,3,3,3,1
220,4,4,2,2,5,4,3,3,3,3,1
800,4,3,2,2,2,4,3,2,3,3,1
950,4,3,2,3,2,4,3,2,2,3,2
2000,4,4,2,4,6,4,3,3,3,3,1
1000,4,2,2,4,2,2,2,1,2,3,3
750,4,4,2,1,5,3,3,3,3,3,4
2000,4,4,3,4,4,4,3,3,3,3,3
1040,4,4,2,2,4,3,3,3,3,3,4
2000,4,4,3,3,4,4,3,3,3,3,4
5350,4,4,3,4,5,4,3,3,3,3,2
700,4,2,3,2,3,1,1,3,3,3,2
1263.3,4,2,2,2,4,2,2,2,2,3,2
1875,4,3,2,3,2,4,3,3,3,3,1
1415,3,3,2,3,4,3,2,3,3,3,2
2500,4,3,2,4,5,2,2,3,2,3,4
1800,4,4,2,3,6,4,3,3,3,3,1
728.57,4,4,2,2,2,3,3,3,3,3,1
3750,4,4,3,4,7,4,3,3,3,3,2
6500,4,4,3,4,7,4,3,3,3,3,3
1266.8,2,2,2,1,2,2,2,3,3,3,4
1380.6,3,3,2,3,3,4,3,3,3,3,4
1850,4,4,2,4,4,4,3,3,3,3,1
1366.7,4,4,2,3,3,4,3,3,3,3,1
2750,4,3,3,4,7,4,3,3,3,3,2
2000,3,4,2,3,5,4,3,3,3,3,4
2200,4,3,2,4,1,4,3,3,3,3,1
2300,4,4,3,4,4,4,3,3,3,3,1
350,4,2,2,4,3,3,3,3,3,3,1
1045,4,3,3,3,3,4,3,3,3,3,2
700,4,2,2,3,2,4,3,3,3,3,4
2500,4,4,2,4,5,3,3,3,3,3,4
947.5,4,3,2,3,7,4,3,3,3,3,2
558.33,4,4,3,3,3,4,3,3,3,3,3
2473.3,4,3,2,2,3,4,3,3,3,3,1
1010,4,4,2,3,7,4,3,3,3,3,2
1866.7,4,3,2,3,5,4,3,3,3,3,4
1157.5,4,4,3,2,5,4,3,3,3,3,1
2333.3,4,1,2,4,5,4,3,3,3,3,3
2133.3,4,4,3,3,3,3,3,3,3,3,3
3700,4,4,2,4,3,4,3,3,3,3,1
500,4,4,3,3,6,4,3,3,3,3,4
8500,4,4,3,4,7,4,3,3,3,3,2
1260,4,4,3,3,4,4,3,1,3,3,4
2750,4,4,3,3,6,4,3,3,3,3,2
3500,4,4,2,4,7,3,3,3,3,3,4
1116.7,4,2,3,3,4,4,3,3,3,3,4
2900,4,4,3,4,7,3,2,3,3,3,3
260,2,2,2,1,3,1,1,1,2,3,4
1710,4,2,2,2,2,2,3,3,3,3,4
2200,4,4,3,4,7,4,3,3,3,3,2
2500,4,4,3,3,3,4,3,3,3,3,4
1950,4,4,2,4,3,2,3,3,3,3,4
1485.7,4,4,2,3,3,4,3,3,3,3,1
1520,4,4,2,3,7,4,3,3,3,3,2
1750,4,4,2,3,5,3,3,3,3,3,4
4175,3,4,3,4,5,4,3,3,3,3,3
1950,4,4,2,3,5,3,3,3,3,3,4
5366.7,4,4,3,4,6,3,3,3,3,3,2
775,4,2,2,4,2,1,1,3,1,1,2
500,4,4,2,3,5,4,3,3,3,3,4
2853.3,4,4,3,4,5,3,3,3,3,3,4
425,3,4,2,3,4,4,3,3,2,3,2
1475,4,4,3,3,6,4,3,3,3,3,4
3250,4,3,3,4,7,4,3,3,3,3,2
3750,3,4,3,4,7,4,3,3,3,3,3
1333.3,4,4,2,4,5,4,3,1,2,3,1
1162.5,4,4,3,4,7,4,3,3,3,3,2
1533.3,4,4,3,3,6,4,3,3,3,3,2
2000,4,2,2,4,4,2,3,3,3,3,2
4100,3,4,3,4,5,4,3,3,3,3,1
5500,4,4,3,4,7,4,3,3,3,3,4
1750,3,4,3,3,5,4,3,3,3,3,4
2000,4,4,2,4,6,4,3,3,3,3,1
1800,4,4,2,4,6,4,3,3,3,3,1
2600,4,4,2,4,2,3,3,3,3,3,2
2060,4,4,2,4,6,3,3,3,3,3,4
1933.3,4,4,3,4,5,3,3,3,3,3,4
2250,4,4,3,3,7,4,3,3,3,3,2
2550,4,3,2,4,5,4,3,3,3,3,1
3000,4,4,3,4,7,4,3,3,3,3,4
1175,2,3,2,3,5,1,1,3,2,3,1
2266.7,4,4,3,3,6,4,3,3,3,3,1
2400,4,4,2,4,7,4,3,3,3,3,3
1350,4,4,3,4,4,3,3,3,3,3,3
2900,3,4,2,4,6,4,3,3,3,3,2
3000,4,4,3,4,3,4,3,3,3,3,1
533.33,4,4,3,3,3,4,3,3,3,3,1
8000,4,4,3,4,6,4,3,3,3,3,3
1750,4,2,2,4,1,2,2,3,3,3,2
3233.3,3,4,2,4,4,4,3,3,3,3,1
1500,4,3,3,4,3,4,3,3,3,3,4
726.67,4,3,2,2,5,4,3,3,3,3,1
3633.3,4,3,2,4,3,4,3,3,3,3,1
1825,4,4,2,3,6,4,3,3,3,3,4
10650,4,4,3,4,7,4,3,3,3,3,1
466.67,2,3,2,2,4,2,2,3,2,3,3
1890,4,4,3,4,3,4,3,3,3,3,1
2250,3,4,3,4,6,4,3,3,3,3,1
2233.3,4,4,3,4,7,4,3,3,3,3,1
14000,4,4,3,4,7,4,3,3,3,3,2
1437.5,4,3,2,3,3,4,3,3,3,3,1
860,4,3,2,3,3,4,3,3,3,3,2
3716.7,4,4,2,2,7,4,3,3,3,3,1
2500,4,4,3,4,3,4,3,3,3,3,3
1500,4,4,2,4,6,4,3,3,3,3,1
1166.7,4,2,2,3,6,2,3,3,3,3,2
3540,4,4,2,3,3,3,3,2,3,3,1
761.11,4,3,2,2,5,4,3,3,3,3,3
2000,4,4,2,4,6,4,3,3,3,3,1
5450,3,4,2,4,7,4,3,3,3,3,2
1066.7,3,4,2,3,4,3,3,3,3,3,2
3333.3,4,4,3,3,6,4,3,3,3,3,1
3500,4,4,3,4,5,4,3,3,3,3,3
2000,4,4,2,3,2,4,3,3,3,3,1
1000,4,3,2,3,3,3,3,3,3,3,1
2400,4,4,3,3,7,4,3,3,3,3,2
2525,4,4,3,3,3,4,3,3,3,3,2
907.14,4,4,2,2,3,4,3,3,3,3,1
3250,4,4,3,4,7,4,3,3,3,3,2
7250,4,4,3,4,5,4,3,3,3,3,1
2350,4,4,3,4,4,3,3,3,3,3,1
2500,4,4,3,3,7,4,3,3,3,3,2
1350,4,3,3,3,3,4,3,3,3,3,3
415,4,2,2,3,2,4,3,3,3,3,1
3800,3,4,2,3,7,4,3,3,3,3,2
600,4,3,2,4,2,3,3,3,3,3,2
2933.3,4,4,3,4,3,4,3,3,3,3,1
4250,4,4,3,3,6,4,3,3,3,3,2
2000,4,4,2,3,7,3,3,3,3,3,3
3000,4,4,3,4,6,4,3,3,3,3,4
1633.3,3,4,2,2,3,4,3,3,3,3,1
1600,4,4,3,4,5,4,3,3,3,3,4
880,3,3,2,2,3,3,3,3,3,3,4
1900,4,3,2,3,7,4,3,3,3,3,2
1078.3,4,4,2,2,5,3,3,3,3,3,1
3000,2,4,3,4,5,4,3,3,3,3,1
1466.7,4,4,2,4,3,4,3,3,3,3,1
2000,4,4,3,3,5,4,3,3,3,3,2
833.33,4,3,2,3,4,3,3,3,3,3,4
875,4,4,3,3,5,3,3,3,3,3,2
5633.3,4,4,2,4,7,4,3,3,3,3,2
2700,4,3,2,4,2,4,3,3,3,3,2
1400,4,2,2,3,4,4,3,3,3,3,3
2700,4,4,3,4,3,4,3,3,3,3,1
4000,4,4,3,4,5,4,3,3,3,3,2
336,4,3,3,3,3,4,3,3,3,3,2
1350,3,1,1,4,3,1,1,1,2,3,2
4000,4,3,3,4,5,4,3,3,3,3,2
2200,4,4,3,4,4,4,3,3,3,3,4
2200,3,4,3,4,3,4,3,3,3,3,1
2225,4,4,2,3,6,4,3,3,3,3,1
450,4,4,2,4,4,4,3,3,3,3,2
2000,4,4,2,2,5,3,3,3,3,3,4
2453.3,4,3,2,3,7,3,3,3,3,3,2
3550,4,4,3,4,6,4,3,3,3,3,2
734,4,2,2,2,2,3,3,3,3,3,2
2200,4,3,2,1,7,4,3,3,3,3,2
2475,4,4,3,3,4,4,3,1,2,3,2
611.67,3,2,3,3,3,4,3,3,3,3,1
2100,4,3,2,3,5,4,3,3,3,3,1
2166.7,4,4,2,4,6,4,3,3,3,3,3
900,4,4,3,4,4,4,3,3,3,3,1
1666.7,4,4,2,4,3,4,3,3,3,3,4
5000,4,4,3,4,7,4,3,3,3,3,3
7666.7,4,4,3,4,7,4,3,3,3,3,1
4000,4,4,3,4,7,4,3,3,3,3,1
1780,4,4,3,3,5,4,3,3,3,3,4
1375,4,2,3,4,6,4,3,3,3,3,4
5250,4,2,2,4,4,4,3,3,3,3,3
3666.7,4,4,2,3,7,3,3,3,3,3,2
680,3,4,2,3,7,4,3,3,3,3,1
1190,4,2,2,4,2,4,3,3,3,3,1
232,4,4,2,3,4,4,3,3,3,3,1
1267.5,2,3,2,1,4,4,3,3,3,3,2
6000,4,4,3,4,7,4,3,3,3,3,4
1411.1,4,4,3,3,6,4,3,3,3,3,1
3000,4,4,3,4,7,4,3,3,3,3,4
1306.7,4,4,2,3,3,3,3,3,3,3,1
980,4,4,3,4,5,4,3,3,3,3,4
1166.7,4,4,2,3,4,3,3,3,3,3,1
762.73,4,3,2,3,2,4,3,3,3,3,4
3850,4,4,2,1,7,4,3,3,3,3,2
183.33,3,2,2,1,3,4,2,1,2,3,1
3000,4,4,3,4,6,4,3,3,3,3,4
3100,4,4,3,4,5,4,3,3,3,3,1
1600,4,4,3,4,6,4,3,3,3,3,1
4300,4,4,3,4,4,3,3,3,3,3,2
944,4,3,3,3,4,4,3,2,3,3,3
3400,4,4,3,2,6,4,3,3,3,3,4
1948,4,4,3,3,4,4,3,3,3,3,1
480,4,2,2,1,3,2,2,2,2,3,1
2100,4,4,3,4,4,4,3,3,3,3,1
500,4,3,2,2,4,3,3,3,3,3,2
3200,4,4,2,4,7,4,3,3,3,3,2
2000,4,4,3,4,5,4,3,3,3,3,1
4700,4,4,3,4,7,4,3,3,3,3,2
720,4,2,2,1,4,3,2,1,3,3,4
1600,4,3,3,3,2,4,3,3,3,3,1
1000,4,3,2,4,5,4,3,3,3,3,3
1525,4,2,2,3,2,2,2,3,2,3,1
1250,4,4,3,4,4,4,3,3,3,3,1
811.33,4,4,3,3,3,4,3,3,3,3,1
1600,4,4,3,4,3,4,3,3,3,3,1
3000,4,4,2,3,7,4,3,3,3,3,2
4175,4,3,3,3,7,4,3,3,3,3,1
866.67,4,3,3,4,4,4,3,3,3,3,2
4700,3,1,2,4,4,3,3,3,3,3,4
800,4,4,2,3,5,2,2,3,2,3,3
1236,4,2,2,3,4,4,3,1,2,3,1
1144,4,4,2,2,5,4,3,3,3,3,4
1750,4,3,3,3,5,4,3,3,3,3,4
3600,4,4,2,3,5,4,3,3,3,3,3
750,4,4,2,3,4,4,3,3,3,3,4
2075,4,4,3,2,3,4,3,3,3,3,4
1850,4,2,2,4,2,2,2,3,2,3,1
2000,4,3,2,3,3,4,3,3,3,3,1
680,3,4,2,1,4,4,3,3,3,3,1
5050,4,3,2,3,7,4,3,3,3,3,4
7500,4,3,3,4,6,3,2,3,3,3,3
1000,4,2,2,3,2,4,3,3,3,3,2
1000,4,3,2,4,3,4,3,3,3,3,2
2112.5,4,4,2,4,5,4,3,3,3,3,1
2600,4,4,2,4,3,3,3,3,3,3,1
1200,4,4,3,4,7,4,3,3,3,3,1
2533.3,4,4,3,4,3,4,3,3,3,3,1
1750,4,4,2,4,3,3,3,3,3,3,2
4166.7,4,4,3,3,7,4,3,3,3,3,2
5200,4,4,3,4,3,4,3,3,3,3,1
1600,4,2,2,4,2,1,1,1,1,1,1
2160,4,4,3,3,3,4,3,3,3,3,1
2380,4,2,2,3,3,3,3,3,3,3,2
2400,4,4,3,4,3,4,3,3,3,3,1
525,2,2,1,3,2,1,1,1,2,3,1
1800,4,4,3,4,5,4,3,3,3,3,4
3850,4,4,3,4,3,4,3,3,3,3,1
3100,4,4,3,4,5,4,3,3,3,3,1
2425,4,4,3,3,4,4,3,3,3,3,1
1260,3,4,3,3,3,3,3,3,3,3,1
1166.7,4,4,2,3,3,3,3,3,3,3,4
2100,4,4,2,4,2,4,3,3,3,3,1
2000,4,4,2,4,6,4,3,3,3,3,1
2175,4,4,2,1,3,4,3,3,3,3,1
2100,4,4,3,4,2,3,3,3,3,3,2
5750,4,4,3,4,7,4,3,3,3,3,3
1102.2,4,3,3,2,4,4,3,3,3,3,4
2900,4,4,2,3,7,4,3,3,3,3,2
1270,3,2,2,3,2,3,2,3,2,3,1
1553.3,3,2,2,4,5,4,3,3,3,3,3
2747.1,4,2,2,2,6,4,3,3,3,3,3
1800,3,4,2,4,6,4,3,3,3,3,1
1900,4,3,2,3,3,3,3,3,3,3,3
888,4,3,3,2,3,4,3,3,3,3,1
12350,3,4,3,4,6,4,3,3,3,3,1
1000,4,3,2,3,7,4,3,3,3,3,4
1672.7,4,3,3,3,3,4,3,3,3,3,4
3850,4,4,3,4,7,4,3,3,3,3,1
875,4,2,2,3,4,1,1,1,3,3,2
5100,4,4,2,3,4,4,3,3,3,3,1
1420,4,2,2,4,4,3,3,3,3,3,2
1500,4,4,3,3,7,3,3,3,3,3,4
1612.5,4,4,2,4,4,4,3,3,3,3,1
2740,4,4,2,3,7,4,3,3,3,3,2
1300,4,4,2,4,2,4,3,3,3,3,1
4766.7,4,4,2,4,3,4,3,3,3,3,1
3500,4,3,2,4,5,4,3,3,3,3,4
1250,4,3,2,2,3,3,3,3,3,3,4
2400,4,4,3,4,5,4,3,3,3,3,1
2250,4,4,2,3,7,4,3,3,3,3,3
4000,4,4,3,4,6,4,3,3,3,3,1
860,4,2,2,3,5,1,1,1,3,3,3
2750,4,2,3,4,4,4,3,3,3,3,1
1533.3,4,3,2,3,5,4,3,3,3,3,1
1000,4,4,3,4,5,4,3,2,3,3,2
2250,4,4,2,3,6,4,3,3,3,3,3
2400,4,3,2,4,4,4,3,3,3,3,1
2666.7,4,4,2,4,5,3,3,3,3,3,2
1500,4,4,1,4,4,4,3,3,3,3,4
3466.7,4,4,3,4,3,4,3,3,3,3,4
1133.3,4,4,2,2,3,4,3,3,3,3,2
1666.7,4,3,3,4,7,4,3,3,3,3,2
2233.3,4,2,2,4,3,2,2,3,3,3,4
2600,4,3,2,4,4,3,3,3,3,3,3
3625,4,3,2,1,7,4,3,3,3,3,4
4098.7,4,4,2,4,6,4,3,3,3,3,4
1413.3,4,2,2,3,5,3,3,3,3,3,2
2350,4,4,3,4,2,3,3,3,3,3,1
850,4,2,3,3,4,4,3,2,3,3,1
1300,2,4,3,4,7,4,3,3,3,3,4
7000,4,4,2,4,5,3,3,3,3,3,4
2880,4,4,2,3,3,4,3,3,3,3,1
8500,4,4,3,4,7,4,3,3,3,3,2
2040,4,3,2,4,2,4,3,3,3,3,1
4650,4,4,3,4,5,3,3,3,3,3,4
5166.7,4,3,2,3,3,4,3,3,3,3,4
350,4,4,2,4,6,4,3,3,3,3,2
250,4,4,2,4,3,4,3,3,3,3,2
2400,4,4,3,4,5,4,3,3,3,3,1
2533.3,4,4,3,4,5,4,3,3,3,3,2
1000,4,3,2,3,3,3,3,1,2,3,1
1800,4,4,3,4,7,4,3,3,3,3,1
5000,4,3,3,4,7,4,3,3,3,3,2
548.89,4,3,2,2,3,3,2,3,3,3,1
1910,4,3,3,3,5,4,3,3,3,3,2
4500,4,4,3,4,7,4,3,3,3,3,2
1587.5,4,3,3,3,7,4,3,3,3,3,2
1860,4,4,3,3,7,4,3,3,3,3,4
1850,4,4,3,4,5,4,3,3,3,3,1
5000,4,4,3,4,6,4,3,3,3,3,2
3650,4,4,3,4,5,4,3,3,3,3,1
960,4,4,2,3,5,4,3,3,3,3,1
560,4,2,3,3,4,4,3,3,3,3,2
2166.7,4,1,2,2,6,4,3,3,3,3,3
1291.7,3,2,2,2,5,3,3,3,2,3,4
3900,3,4,3,4,3,3,3,3,3,3,4
2000,4,4,3,3,7,4,3,3,3,3,4
1000,4,3,2,4,6,4,3,3,3,3,1
1750,4,4,2,3,6,4,3,3,3,3,2
675,1,1,1,1,2,1,1,1,2,3,4
600,4,4,3,4,4,4,3,3,3,3,2
8500,4,4,3,4,3,4,3,3,3,3,3
6000,4,4,3,3,6,4,3,3,3,3,2
891.67,4,4,3,2,4,4,3,1,3,3,3
1303.3,4,1,2,3,4,2,3,3,2,3,2
900,4,4,3,4,5,4,3,3,3,3,3
2500,4,4,2,4,3,4,3,3,3,3,3
1285.7,3,4,2,2,2,3,3,3,3,3,1
1695,4,2,2,3,2,2,2,3,2,3,1
5000,4,4,3,4,6,4,3,3,3,3,1
1400,4,3,2,4,5,4,3,3,3,3,1
2150,4,3,2,3,2,2,3,3,3,3,1
1275,4,4,3,3,6,4,3,3,3,3,1
6000,4,4,2,4,6,4,3,3,3,3,1
566.67,4,4,2,4,6,4,3,3,3,3,1
4150,4,3,2,4,3,4,3,3,3,3,4
2866.7,4,3,3,4,7,4,3,3,3,3,3
1500,4,4,3,3,6,4,3,3,3,3,3
5250,4,4,3,3,7,4,3,3,3,3,4
320,4,2,2,2,3,2,2,3,3,3,1
4000,4,4,2,4,6,3,3,3,3,3,4
285,2,3,1,4,2,2,2,3,3,3,1
1450,4,4,2,3,6,4,3,3,3,3,1
2500,4,4,3,4,4,4,3,3,3,3,1
1500,4,4,2,4,5,4,3,3,3,3,1
10000,4,4,3,4,7,4,3,3,3,3,3
1625,4,3,2,1,4,4,3,1,3,3,4
1200,4,4,3,4,7,4,3,3,3,3,1
2775,4,4,2,4,4,3,3,3,3,3,4
1200,4,4,3,4,6,4,3,3,3,3,1
2200,4,4,3,3,3,2,3,3,3,3,2
5000,4,4,3,4,5,4,3,3,3,3,1
3750,4,3,3,3,5,4,3,3,3,3,4
1200,4,4,2,4,7,4,3,3,3,3,2
2166.7,4,4,3,3,3,4,3,3,3,3,1
3125,4,4,3,3,7,4,3,3,3,3,3
5650,4,3,3,4,5,4,3,3,3,3,1
2470,3,4,3,4,3,4,3,2,3,3,1
240,4,1,1,4,4,1,1,3,1,3,2
733.33,4,2,2,3,3,2,2,3,1,3,4
733.33,4,4,3,4,4,4,3,3,3,3,4
1590,4,4,2,3,7,3,3,3,3,3,2
2300,4,4,2,4,2,4,3,3,3,3,1
1308.7,4,4,2,2,3,4,3,3,3,3,1
1500,4,2,2,4,2,2,3,3,3,3,1
1425,4,3,3,4,2,4,3,3,3,3,2
1828.6,4,2,3,3,4,4,3,3,3,3,2
1312.5,4,2,3,1,5,4,3,3,3,3,4
42000,4,4,3,4,3,4,3,3,3,3,1
2450,4,2,2,4,5,4,3,3,3,3,2
2580,4,2,3,1,5,4,3,3,3,3,4
3600,4,4,2,4,5,3,3,3,3,3,4
13000,4,3,3,4,7,4,3,3,3,3,2
10200,4,4,2,4,7,3,3,3,3,3,2
1850,4,4,2,4,6,3,3,3,3,3,1
1300,4,4,3,4,2,4,3,3,3,3,1
3233.3,4,4,3,4,5,4,3,3,3,3,2
2916.7,4,3,2,4,1,4,3,3,3,3,1
1650,4,4,2,4,3,4,3,3,3,3,2
2600,4,4,3,3,7,4,3,3,3,3,1
1500,4,4,3,4,6,4,3,3,3,3,1
10333,4,4,2,4,7,4,3,3,3,3,4
250,4,2,2,1,4,4,3,1,2,3,1
2400,4,4,3,4,4,4,3,3,3,3,1
8000,4,4,3,4,7,4,3,3,3,3,2
3880,4,4,1,4,5,4,3,3,3,3,3
440,4,4,3,4,5,4,3,3,3,3,1
3666.7,3,4,3,4,7,4,3,3,3,3,4
775,3,3,2,1,4,4,3,1,2,3,4
1150,4,4,2,3,6,4,3,3,3,3,1
1420,4,4,3,3,5,4,3,3,3,3,1
1142.9,3,4,3,2,4,4,3,3,3,3,1
833.33,4,4,2,2,4,4,3,3,3,3,2
7500,4,4,3,4,5,4,3,3,3,3,1
2100,4,4,2,4,2,3,3,3,3,3,1
500,4,2,2,1,5,4,3,2,2,3,3
6500,4,4,3,4,7,4,3,3,3,3,2
4750,4,4,3,4,5,4,3,3,3,3,1
800,4,2,2,3,4,3,3,3,3,3,3
1166.7,4,3,3,3,5,4,3,3,3,3,4
2080,4,4,3,3,5,4,3,3,3,3,1
2000,4,2,2,4,3,4,3,3,3,3,3
1500,4,3,3,3,3,4,3,3,3,3,4
8750,4,4,3,4,7,4,3,3,3,3,1
1800,4,4,2,3,3,4,3,3,3,3,1
2616.7,4,4,3,3,4,4,3,3,3,3,3
1472,4,3,3,3,5,4,3,3,3,3,2
425,4,3,3,4,4,4,3,3,3,3,2
3200,4,3,3,4,3,4,3,3,3,3,1
2500,4,4,3,4,6,4,3,3,3,3,2
3500,4,4,3,4,4,4,3,3,3,3,1
9000,4,4,3,4,6,4,3,3,3,3,1
2700,4,4,3,4,5,4,3,3,3,3,1
4750,4,3,3,4,7,4,3,3,3,3,2
800,4,3,3,3,4,4,3,3,3,3,2
2200,3,2,2,4,5,1,1,3,2,3,2
1666.7,4,4,3,2,5,3,2,3,3,3,4
4130,4,4,3,4,5,4,3,3,3,3,1
2950,4,4,2,4,6,4,3,3,3,3,2
408.33,4,4,2,1,2,4,3,3,3,3,1
5833.3,4,3,3,4,4,4,3,3,3,3,2
1296.7,3,3,2,3,4,3,3,3,3,3,3
1600,4,4,2,4,6,4,3,3,3,3,1
7000,4,4,3,4,7,4,3,3,3,3,1
3000,4,4,3,4,3,3,3,3,3,3,1
750,4,2,3,3,7,4,3,3,3,3,4
1500,4,4,2,3,6,4,3,3,3,3,4
600,4,3,2,4,2,2,2,3,2,3,2
1133.3,4,3,2,2,2,4,3,3,3,3,4
750,4,3,2,4,4,1,1,1,2,3,2
2528.6,4,4,2,3,6,4,3,3,3,3,2
734,4,4,3,4,4,3,3,3,3,3,4
1737.5,4,4,2,3,3,4,3,3,3,3,1
2960,4,4,3,4,6,4,3,3,3,3,4
4400,4,4,3,3,5,4,3,3,3,3,2
2300,4,3,3,4,2,4,3,1,2,3,1
3666.7,4,4,3,4,2,4,3,3,3,3,1
4600,4,4,2,4,7,4,3,3,3,3,3
683.33,4,3,2,3,3,2,2,3,2,3,1
1500,4,4,2,2,3,2,2,3,2,3,4
816.67,4,4,2,3,3,4,3,3,3,3,1
5100,4,4,2,4,5,4,3,3,3,3,2
662.5,4,4,2,3,3,4,3,3,3,3,1
781.82,4,4,2,1,7,4,3,3,3,3,2
1600,4,4,3,4,4,4,3,3,3,3,1
438,3,1,2,1,4,2,2,1,2,3,1
1530,4,4,2,4,6,4,3,3,3,3,2
650,4,3,2,2,2,1,1,3,3,3,2
1430,4,4,3,4,5,3,3,3,3,3,4
1266.7,4,4,2,4,3,4,3,3,3,3,1
950,4,2,2,1,4,4,3,3,2,3,2
5700,4,4,3,4,6,4,3,3,3,3,2
1333.3,4,3,2,4,5,1,1,3,2,3,4
914.29,4,4,2,2,3,4,3,3,3,3,1
2100,4,4,3,4,3,4,3,3,3,3,1
1840,4,4,3,3,5,4,3,3,3,3,1
2500,4,4,3,4,3,4,3,3,3,3,1
645.56,4,4,2,3,3,4,3,3,3,3,2
1400,3,4,2,3,3,4,3,3,3,3,1
2000,4,4,2,2,3,4,3,3,3,3,3
1750,3,4,3,4,6,4,3,3,3,3,4
675,3,1,2,3,3,4,2,3,3,3,4
662.5,4,3,2,3,4,4,3,3,3,3,4
6000,4,4,3,4,5,4,3,3,3,3,2
1500,4,3,2,3,3,3,3,3,3,3,4
775,4,3,3,3,5,4,3,3,3,3,4
2050,4,4,3,4,2,3,3,3,3,3,2
2233.3,4,4,3,4,6,4,3,3,3,3,2
1583.3,4,3,2,3,5,4,3,3,3,3,4
2600,4,4,3,4,5,4,3,3,3,3,4
1200,4,4,2,3,6,4,3,3,3,3,2
3600,3,4,2,4,5,3,3,3,3,3,2
2700,4,4,2,4,3,4,3,3,3,3,4
1740,3,4,3,3,5,4,3,3,3,3,1
1290,3,4,3,4,3,3,3,3,3,3,2
1050,4,4,3,2,4,4,3,3,3,3,1
3900,4,4,2,4,3,4,3,3,3,3,1
1200,4,4,2,4,5,4,2,3,2,3,1
1250,4,1,2,2,5,4,3,3,3,3,1
2125,4,4,2,4,2,4,3,3,3,3,1
2100,4,4,2,4,2,2,3,3,3,3,1
60,2,3,1,4,5,4,3,1,3,3,3
1237.5,4,4,3,3,5,4,3,3,3,3,1
590,3,4,3,4,4,3,3,3,3,3,1
5200,4,2,2,3,4,4,3,3,3,3,1
3166.7,4,4,3,4,3,4,3,3,3,3,1
744,3,2,2,3,2,4,3,3,3,3,1
833.33,4,4,2,3,4,2,3,3,3,3,2
1100,4,3,2,3,4,3,2,1,2,3,2
1600,4,4,2,4,6,4,2,3,2,3,1
3333.3,4,3,3,4,3,3,3,3,3,3,1
1400,4,4,3,4,3,4,3,3,3,3,4
3400,4,4,3,4,5,3,3,3,3,3,2
1247.5,4,4,3,3,4,4,3,3,3,3,2
1040,4,3,3,4,4,4,3,3,3,3,3
533.33,4,3,2,3,3,4,2,3,3,3,1
8000,4,3,2,4,7,4,3,3,3,3,2
7333.3,4,4,3,4,3,4,3,3,3,3,1
766.67,3,3,2,4,3,3,2,3,3,3,2
4000,4,4,3,4,3,3,3,3,3,3,1
1040,4,3,2,2,5,4,3,3,3,3,4
3900,4,2,2,4,3,3,3,1,3,3,1
1755.6,4,3,3,2,3,4,3,3,3,3,1
6000,3,4,3,4,6,4,3,3,3,3,3
833.33,4,2,2,3,3,3,2,3,3,3,4
3000,2,3,2,4,2,4,3,3,3,3,2
366.67,2,4,3,1,3,4,3,3,3,3,1
3900,4,4,3,4,5,4,3,3,3,3,2
1860,4,2,2,2,2,2,2,3,3,3,3
1325,4,3,2,1,7,3,3,3,3,3,4
960,4,2,2,4,3,4,3,3,2,3,2
3000,2,4,3,4,6,4,3,3,3,3,1
1730,4,3,2,3,4,4,3,3,3,3,2
8400,4,4,3,4,7,4,3,3,3,3,2
2375,4,2,2,3,4,4,3,3,3,3,4
2000,4,4,3,4,5,4,3,3,3,3,4
1075,3,3,3,3,3,3,3,3,3,3,2
233.33,3,1,2,2,3,2,2,1,2,3,1
906.67,4,3,2,3,3,4,3,3,3,3,3
672,4,3,3,4,3,4,3,3,3,3,1
617.14,3,4,2,3,3,3,3,3,3,3,4
2000,4,3,2,4,5,4,3,3,3,3,3
1100,4,3,3,3,5,4,3,3,3,3,1
1333.3,3,2,2,2,5,4,3,3,3,3,4
7000,4,4,3,4,5,4,3,3,3,3,2
469.29,4,4,3,2,7,4,3,3,3,3,2
4250,4,4,3,4,7,4,3,3,3,3,3
4500,4,3,3,4,3,4,3,3,3,3,1
1225,4,3,3,3,3,4,3,3,3,3,2
1200,4,2,2,3,3,4,3,3,3,3,2
2700,4,3,3,4,7,4,3,3,3,3,1
2380,4,3,2,3,3,3,3,3,3,3,1
3050,3,3,3,4,3,4,3,3,3,3,2
2500,4,3,2,3,7,3,3,3,3,3,2
1581.3,4,3,3,3,4,4,3,3,3,3,4
4250,4,4,2,4,7,4,3,3,3,3,1
1260,4,4,3,4,4,4,3,3,3,3,1
2200,4,4,3,3,5,4,3,3,3,3,3
3000,4,4,3,4,7,4,3,3,3,3,1
959.71,4,4,2,2,4,4,3,3,3,3,3
2200,4,4,3,4,3,3,3,3,3,3,1
5000,4,4,3,4,4,4,3,3,3,3,1
1316.7,4,4,2,3,4,3,3,3,3,3,4
542.86,3,3,2,1,2,3,3,3,3,3,1
4000,4,4,3,4,3,4,3,3,3,3,1
866.67,4,4,3,4,4,4,3,3,3,3,1
1000,4,4,3,3,3,3,3,3,3,3,1
1250,4,3,2,2,3,4,3,3,3,3,4
1550,4,4,2,3,4,4,3,3,3,3,1
2100,4,4,2,3,3,4,3,3,3,3,1
2266.7,4,4,2,3,7,4,3,3,3,3,2
1300,4,4,2,4,3,4,3,2,2,3,2
1632,3,4,3,3,3,3,3,3,3,3,1
1266.7,3,4,3,4,7,3,3,3,3,3,4
1400,2,3,3,4,3,4,3,3,3,3,4
6250,4,4,3,4,7,4,3,3,3,3,4
525,4,4,2,1,5,3,3,3,3,3,3
4133.3,3,4,3,4,3,4,3,3,3,3,2
5000,4,4,3,4,3,4,3,3,3,3,1
1833.3,4,4,3,4,7,4,3,3,3,3,2
2120,4,4,2,3,6,4,3,3,3,3,4
2133.3,4,4,3,2,1,4,3,2,3,3,1
2766.7,4,3,2,4,7,4,3,3,3,3,2
1250,3,4,3,3,3,4,3,3,3,3,1
0,4,2,3,3,7,3,3,3,3,3,1
416.67,4,3,2,3,2,3,3,3,3,3,2
1075,4,4,3,4,5,4,3,3,3,3,2
2100,4,4,3,4,5,4,3,3,3,3,1
2750,4,2,2,3,4,4,3,3,3,3,4
3625,4,4,2,4,6,4,3,3,3,3,2
1385,4,4,3,3,2,2,3,3,3,3,1
10500,4,4,2,4,6,4,3,3,3,3,4
1500,3,4,3,3,3,4,3,3,3,3,1
1500,4,4,3,4,4,4,3,2,3,3,2
1702.9,3,4,2,3,4,4,3,3,3,3,2
2233.3,3,4,3,3,6,4,3,3,3,3,1
453.33,3,4,2,2,3,3,3,3,3,3,2
0,4,3,3,4,4,4,3,3,3,3,1
665,4,3,2,2,2,4,3,3,3,3,1
633.33,4,4,3,4,3,4,3,3,3,3,1
3000,4,4,3,4,7,4,3,3,3,3,1
1633.3,4,4,2,4,2,4,3,3,3,3,1
860,4,2,2,3,3,4,3,3,3,3,1
7000,4,4,3,4,7,4,3,3,3,3,2
980,4,4,3,3,3,3,3,3,3,3,4
9200,4,4,3,4,6,4,3,3,3,3,2
3000,4,3,2,4,5,4,3,3,3,3,4
4000,4,2,2,4,2,2,3,3,3,3,2
2100,4,4,3,4,2,3,3,3,3,3,1
1100,3,4,2,3,7,3,3,3,3,3,2
308,4,4,3,2,5,4,3,3,3,3,2
600,4,4,2,4,4,3,3,3,3,3,1
5500,4,3,2,2,5,4,3,3,3,3,3
4000,4,4,3,4,5,4,3,3,3,3,2
2900,4,3,2,4,3,4,3,3,3,3,1
900,4,4,3,3,5,3,3,3,3,3,1
1212,2,3,2,1,4,2,3,3,3,3,1
841.67,4,2,2,1,3,2,2,3,2,3,1
2700,4,4,3,4,5,4,3,3,3,3,1
3000,4,4,3,4,2,4,3,3,3,3,1
848.33,4,4,2,2,3,4,3,3,3,3,2
5133.3,4,3,3,4,3,4,3,3,3,3,2
4125,4,4,3,4,6,4,3,3,3,3,2
2962.5,4,4,3,4,5,4,3,3,3,3,2
1300,4,4,3,4,6,4,3,3,3,3,4
1300,4,2,2,4,3,3,3,3,3,3,4
2800,4,2,3,4,3,4,3,3,3,3,1
1425,4,4,3,3,6,4,3,3,3,3,2
0,4,2,3,4,3,4,3,3,3,3,1
696.67,2,3,3,3,4,4,3,3,3,3,2
2066.7,4,4,3,4,5,4,3,3,3,3,1
1132,4,4,3,3,4,4,3,3,3,3,4
3000,4,3,3,4,3,4,3,3,3,3,1
1425,4,4,3,4,3,4,3,3,3,3,1
2950,4,2,2,3,2,3,3,2,3,3,1
645,4,4,3,4,6,4,3,3,3,3,3
1800,3,3,3,3,4,4,2,3,3,3,2
2185,4,3,2,1,2,4,3,1,2,3,1
1200,4,4,2,4,5,4,3,3,3,3,2
1100,4,3,3,3,4,4,3,3,3,3,3
3900,4,4,3,4,5,4,3,3,3,3,3
835.71,4,3,2,2,3,4,3,3,3,3,3
1240,4,4,3,3,5,4,3,3,3,3,1
3000,4,4,3,4,5,4,3,3,3,3,1
1876.7,4,2,2,3,1,4,3,3,2,3,1
1430,4,4,2,2,4,4,3,3,3,3,4
2575,4,4,3,4,5,4,3,3,3,3,1
2933.3,4,4,2,4,3,4,3,3,3,3,1
2400,4,3,3,4,5,4,3,3,3,3,3
1600,3,4,3,4,7,4,3,3,3,3,1
4000,4,4,3,3,7,4,3,3,3,3,4
308,4,4,2,1,5,4,3,2,3,3,2
2166.7,4,4,2,3,4,4,3,3,3,3,2
3833.3,4,4,3,4,5,4,3,3,3,3,3
7500,4,4,3,4,7,4,3,3,3,3,1
1125,2,4,3,4,5,4,3,3,3,3,1
6000,4,4,3,4,7,4,3,3,3,3,2
2216.7,4,4,3,3,4,4,3,3,3,3,4
14000,4,4,3,4,7,4,3,3,3,3,2
3400,4,4,3,4,5,4,3,3,3,3,4
5733.3,4,4,3,4,3,4,3,3,3,3,1
4133.3,2,4,3,4,4,4,3,3,3,3,1
2866.7,4,4,3,3,7,4,3,3,3,3,3
2500,4,4,2,3,3,4,3,1,3,3,1
4733.3,4,2,3,4,5,4,3,3,3,3,2
1166.7,4,2,3,3,2,4,3,3,3,3,1
1600,3,4,3,4,2,3,3,3,3,3,1
500,4,4,2,4,3,3,3,3,3,3,2
2666.7,4,4,2,4,5,4,3,3,3,3,3
2800,4,4,3,4,7,4,3,3,3,3,1
2300,4,4,3,4,3,4,3,3,3,3,1
1600,4,3,3,3,5,4,3,3,3,3,4
1300,4,2,2,4,5,3,2,3,3,3,4
1658,4,4,2,4,4,3,3,3,3,3,4
1391.7,4,4,2,2,3,4,3,3,3,3,4
1500,3,4,3,4,5,4,3,3,3,3,4
0,4,4,3,4,6,4,3,3,3,3,1
428.57,4,4,2,2,3,4,3,3,3,3,2
1700,4,2,3,3,3,4,3,3,3,3,2
3000,4,4,3,3,6,4,3,3,3,3,3
0,4,3,2,3,3,2,3,3,3,3,1
2350,4,3,2,4,3,4,3,3,3,3,3
840,3,4,3,3,5,3,3,3,3,3,2
3066.7,4,4,3,4,2,4,3,3,3,3,1
1138.6,4,3,2,2,4,4,3,3,3,3,1
1700,4,4,2,3,3,4,3,3,3,3,2
2600,4,3,3,4,5,4,3,3,3,3,3
826.67,3,4,3,3,5,3,3,3,3,3,2
2033.3,4,4,3,4,5,4,3,3,3,3,4
3400,4,4,3,4,3,4,3,3,3,3,2
1460,2,4,2,1,6,4,3,3,3,3,2
2683.3,4,3,2,3,3,4,3,3,3,3,1
7000,4,4,3,4,7,4,3,3,3,3,4
2000,4,2,2,4,2,4,3,3,3,3,1
5300,4,4,3,4,3,4,3,3,3,3,2
3500,4,4,3,4,6,4,3,3,3,3,3
1300,4,2,2,2,6,2,3,3,3,3,1
2900,4,4,3,3,7,4,3,3,3,3,4
1625,4,4,3,3,5,4,3,3,3,3,3
3000,3,4,2,4,6,3,3,3,3,3,4
3050,4,2,2,3,5,4,3,3,3,3,2
5000,4,4,3,4,6,4,3,3,3,3,4
3000,4,3,2,4,5,4,3,3,3,3,1
1296.7,4,2,2,3,3,4,3,3,3,3,2
5500,4,3,2,4,3,4,3,2,2,3,2
3750,4,4,2,3,6,4,3,3,3,3,4
6900,4,4,3,4,7,4,3,3,3,3,1
2083.3,4,4,3,3,7,3,3,3,3,3,2
500,3,4,3,3,3,3,3,3,3,3,4
1266.7,4,4,2,3,4,4,3,3,3,3,3
2500,3,4,2,3,3,3,2,3,3,3,2
1210,4,4,2,2,3,3,3,3,3,3,4
1366.7,4,2,2,2,7,3,2,3,2,3,2
1600,4,4,3,3,6,4,3,3,3,3,4
2700,4,4,2,4,3,3,3,3,3,3,1
1125,2,2,2,3,7,1,1,3,1,3,2
1544,3,3,2,2,2,3,2,3,3,3,1
900,4,4,3,1,3,4,3,3,3,3,4
975,3,4,2,3,3,4,3,3,3,3,2
1666.7,4,3,2,3,6,2,3,3,3,3,2
1880,4,4,3,3,4,4,3,3,3,3,4
3800,4,3,3,4,3,3,3,3,3,3,1
7500,4,4,3,4,7,4,3,3,3,3,1
1255,4,1,2,1,2,4,3,3,2,3,1
11500,4,4,3,4,6,4,3,3,3,3,1
10000,4,4,3,4,7,4,3,3,3,3,2
2000,4,1,3,4,6,4,3,2,3,3,3
2125,4,3,2,3,5,4,3,3,3,3,2
5500,4,4,3,4,7,4,3,3,3,3,1
4000,4,2,3,4,3,4,3,3,3,3,1
2933.3,4,4,3,3,5,4,3,3,3,3,1
1933.3,4,4,3,4,7,3,3,3,3,3,1
1125,4,2,3,1,3,4,3,1,2,3,4
841.67,3,4,2,3,3,4,3,3,3,3,2
1750,4,3,2,2,5,4,3,3,3,3,2
780,3,4,3,4,4,3,3,3,3,3,2
1360,4,4,3,3,7,4,3,3,3,3,4
2650,4,3,3,4,7,4,3,3,3,3,1
1233.3,4,4,3,4,5,4,3,3,3,3,4
1500,4,3,1,3,1,1,1,1,2,3,1
266.67,4,2,3,3,2,4,3,3,3,3,1
3216.7,4,4,3,4,3,4,3,3,3,3,1
5000,4,4,3,4,3,4,3,3,3,3,4
8066.7,4,4,3,4,7,4,3,3,3,3,3
3440,4,4,3,4,7,4,3,3,3,3,2
1680,4,4,1,4,4,4,3,3,3,3,4
1750,4,4,3,4,4,4,3,3,3,3,3
3000,4,4,3,4,7,4,3,3,3,3,1
2633.3,4,4,3,4,5,4,3,3,3,3,4
2800,4,4,3,4,3,4,3,3,3,3,4
2400,4,4,3,4,3,4,3,3,3,3,1
2700,4,3,3,4,5,4,3,3,3,3,4
3500,3,4,2,4,6,3,3,3,3,3,3
1260,3,3,2,2,4,3,2,3,3,3,2
1174.3,4,2,2,1,2,3,2,3,3,3,3
3833.3,4,4,2,3,4,2,3,3,3,3,2
2933.3,4,4,3,4,7,4,3,3,3,3,2
1625,4,4,2,4,4,4,3,3,3,3,1
695,4,4,2,2,3,4,3,3,3,3,4
928.57,4,3,3,2,2,4,3,3,3,3,1
1186.7,3,3,2,3,2,3,3,3,3,3,4
794.29,4,4,2,1,3,4,3,3,3,3,1
4125,4,4,3,3,6,4,3,3,3,3,3
4200,4,4,2,4,7,3,3,3,3,3,2
750,4,3,3,3,4,4,3,3,3,3,4
569,4,4,2,2,3,4,3,2,3,3,1
1400,4,4,3,4,5,4,3,1,2,3,2
2666.7,4,4,3,4,7,3,3,3,3,3,4
800,4,4,3,3,6,4,3,3,3,3,4
5500,4,4,3,4,5,4,3,3,3,3,1
2900,4,4,3,4,6,4,3,3,3,3,2
350,3,4,2,4,5,3,3,3,3,3,1
2400,4,4,3,4,3,4,3,3,3,3,1
857.14,4,3,3,3,4,4,3,3,3,3,4
300,4,2,2,4,4,4,3,3,2,3,2
1572,4,3,2,2,4,4,3,3,3,3,3
1400,4,4,3,4,3,3,3,3,3,3,4
1894.3,3,4,3,3,3,4,3,3,3,3,1
1700,3,4,2,3,2,3,3,3,3,3,1
4400,4,3,3,4,7,4,3,3,3,3,4
1470,4,3,3,3,3,4,3,3,3,3,1
2000,3,4,3,4,7,4,3,3,3,3,1
522.22,3,4,3,2,4,3,3,3,3,3,1
2600,4,4,3,4,7,2,3,3,3,3,1
1808,4,4,2,3,4,3,3,3,3,3,4
2150,4,4,2,4,3,4,3,3,3,3,3
1875,4,4,3,4,7,4,3,3,3,3,3
3333.3,4,4,2,4,7,4,3,3,3,3,2
3433.3,4,4,3,4,5,4,2,3,3,3,1
1250,4,4,3,3,4,4,3,3,3,3,4
1750,4,4,2,4,3,4,3,3,3,3,1
1330,4,4,2,2,4,4,3,3,3,3,2
1000,4,4,2,4,6,3,3,3,3,3,1
1600,4,4,2,4,3,4,3,3,3,3,1
2240,4,4,3,4,6,4,3,3,3,3,1
2000,4,3,2,4,2,4,3,3,3,3,1
3750,4,2,2,4,6,2,3,3,3,3,3
1040,4,4,3,3,5,4,3,3,3,3,4
1451.4,4,3,2,2,3,4,3,3,3,3,1
3500,4,4,2,4,3,4,3,3,3,3,4
3333.3,4,4,3,4,7,4,3,3,3,3,3
1723.3,4,4,3,3,5,4,3,3,3,3,1
2700,4,4,2,4,3,4,3,3,3,3,1
1066.7,4,2,2,4,2,3,2,2,3,3,1
3375,4,4,3,3,5,4,3,3,3,3,1
1720,4,3,3,3,5,4,3,3,3,3,4
5600,4,4,3,4,7,4,3,3,3,3,4
1016.7,3,4,2,2,4,3,3,3,3,3,2
2160,4,3,3,3,5,4,3,3,3,3,4
3166.7,4,3,3,3,5,4,3,3,3,3,1
1800,4,4,3,3,4,4,3,3,3,3,1
4600,3,4,2,4,3,3,3,3,3,3,1
1676,4,4,3,4,3,4,3,3,3,3,2
2262.5,4,3,3,4,2,4,3,3,3,3,2
2300,4,2,3,4,6,4,3,1,3,3,1
988.33,4,4,2,3,2,4,3,3,3,3,1
1000,2,2,3,1,7,4,3,3,3,3,3
8000,4,4,3,4,7,4,3,3,3,3,1
283.33,4,4,3,4,5,4,3,3,3,3,2
900,4,3,3,3,5,4,3,3,3,3,1
6687.5,4,3,3,4,7,4,3,3,3,3,4
2583.3,4,4,2,4,3,4,3,3,3,3,3
4500,4,4,3,4,4,3,3,3,3,3,3
642.5,4,4,2,1,3,4,3,2,2,3,2
2500,4,2,2,3,3,4,3,3,3,3,1
766.67,3,4,3,4,5,4,3,3,3,3,2
2250,4,4,2,4,5,4,3,3,3,3,2
2233.3,4,4,3,4,5,3,3,3,3,3,4
2166.7,4,4,3,4,3,4,3,3,3,3,4
1875,4,4,3,3,5,4,3,3,3,3,2
1232,4,4,3,3,3,4,3,3,3,3,1
866.67,4,3,2,2,3,4,3,3,3,3,1
3050,4,4,2,4,2,4,3,3,3,3,1
2200,4,2,2,4,2,4,3,3,3,3,1
840,4,3,2,3,4,3,2,3,3,3,1
2000,2,4,3,4,7,4,3,3,3,3,1
2333.3,3,3,2,3,7,4,3,3,3,3,1
433.33,4,2,2,2,5,4,3,3,3,3,4
2150,4,4,3,3,5,4,3,3,3,3,2
2525,4,2,3,4,3,4,3,3,3,3,4
2333.3,2,4,3,4,7,4,3,3,3,3,2
2233.3,2,4,3,4,6,4,3,3,3,3,1
568,4,4,3,3,6,4,3,3,3,3,2
2433.3,4,4,2,4,5,4,3,3,3,3,4
385.71,4,3,2,1,3,4,3,3,3,3,1
1077.8,3,4,2,2,5,4,3,3,3,3,4
1048.6,4,4,3,2,4,4,3,3,3,3,4
6000,4,4,2,4,4,4,3,3,3,3,1
1150,3,4,2,4,7,3,3,3,3,3,2
6500,4,4,3,4,7,4,3,3,3,3,4
1500,4,4,3,3,6,4,3,2,3,3,1
2016.7,4,4,3,3,5,4,3,3,3,3,3
790,4,3,2,3,4,4,3,3,3,3,3
1066.7,4,3,2,3,2,4,3,3,3,3,3
800,4,3,2,3,5,3,3,3,2,3,2
1966.7,4,4,3,4,3,4,3,3,3,3,3
1108,4,2,2,2,4,2,2,3,2,3,1
2433.3,4,4,2,3,6,3,3,3,3,3,4
3200,4,4,3,3,7,4,3,3,3,3,3
2500,4,4,3,4,3,4,3,3,3,3,1
766.67,4,2,2,3,2,4,3,3,3,3,4
1233.3,4,3,2,4,3,4,3,3,3,3,1
406.67,1,2,2,2,3,2,2,3,3,3,4
4510,4,4,3,4,5,4,3,3,3,3,1
18490,4,4,3,4,5,4,3,3,3,3,1
3800,3,4,3,4,2,4,3,3,3,3,1
750,4,3,3,4,4,2,2,2,2,3,2
2400,4,4,3,4,5,4,3,3,3,3,1
4500,4,4,3,4,7,4,3,3,3,3,3
3700,3,4,2,4,6,4,3,3,3,3,3
2228.6,3,4,2,3,3,3,3,3,3,3,2
2914.3,3,4,3,3,3,4,3,3,3,3,1
1500,4,4,2,4,3,3,3,2,3,3,1
2333.3,4,4,3,4,6,4,3,3,3,3,2
295.33,4,1,2,2,3,2,2,3,2,3,1
544,3,4,3,3,4,3,3,3,3,3,4
2600,4,3,2,3,5,4,3,3,3,3,3
905.71,3,3,2,2,3,2,2,3,2,3,3
1633.3,2,4,3,4,3,4,3,3,3,3,2
760,3,4,3,4,5,4,3,3,3,3,4
2700,4,4,3,4,6,4,3,3,3,3,1
2350,4,3,2,4,3,4,2,3,3,3,2
1266.7,4,4,3,4,5,4,3,3,3,3,1
2050,4,4,3,3,7,4,3,3,3,3,2
5250,4,4,3,4,7,4,3,3,3,3,2
1700,4,3,3,4,3,4,3,3,3,3,1
7000,4,4,3,4,7,4,3,3,3,3,4
646.67,4,4,3,3,5,4,3,3,3,3,1
1500,4,3,2,3,6,4,3,3,3,3,1
1466.7,2,4,3,4,3,4,3,3,3,3,1
1925,4,3,2,3,5,3,3,3,3,3,1
1600,2,4,3,4,4,4,3,3,3,3,1
1666.7,3,4,2,3,6,4,3,3,3,3,3
1333.3,4,4,2,3,7,2,3,3,3,3,4
250.67,4,3,2,3,5,4,3,3,3,3,1
4160,4,4,3,4,7,3,3,3,3,3,4
710,3,3,2,1,3,2,2,3,2,3,1
450,3,2,2,2,3,2,2,3,2,3,4
657.14,4,3,2,3,3,4,3,3,3,3,1
666.67,4,4,3,3,5,4,3,3,3,3,2
4250,4,4,3,4,5,4,3,3,3,3,1
850,4,4,3,3,6,4,3,3,3,3,1
1000,4,4,3,4,6,4,3,3,3,3,2
1180,4,4,3,3,5,3,3,3,3,3,2
1900,4,3,3,3,3,4,3,3,3,3,3
7600,4,4,2,4,3,4,3,3,3,3,2
1971.4,4,2,2,3,4,4,3,2,2,3,4
2200,4,2,3,2,6,4,3,3,3,3,4
1666.7,4,2,2,3,2,3,2,3,2,3,1
783.33,4,4,3,3,2,4,3,3,3,3,2
1448.3,4,2,2,3,3,4,3,3,3,3,1
566.67,3,2,2,3,3,4,3,3,3,3,4
1550,4,4,3,4,7,4,3,3,3,3,1
766.67,4,4,3,3,6,4,3,3,3,3,4
1500,4,3,3,4,5,4,3,3,3,3,1
1600,4,3,3,4,4,4,3,3,3,3,3
2285,4,4,2,4,3,4,3,3,3,3,1
750,4,4,3,4,5,4,3,3,3,3,3
5000,4,4,1,4,6,4,3,3,3,3,4
3700,4,4,2,4,5,4,3,3,3,3,3
3200,3,4,3,4,5,3,3,3,3,3,1
4000,4,4,2,4,5,4,3,3,3,3,4
1250,4,2,3,1,5,4,3,3,3,3,4
3400,4,2,2,4,5,4,3,3,3,3,1
4000,4,4,3,4,5,4,3,3,3,3,1
1900,4,4,2,3,6,4,3,3,3,3,3
620.8,4,3,2,4,3,3,3,3,3,3,4
1160,4,4,3,3,7,4,3,3,3,3,1
2500,4,2,3,4,6,3,3,3,3,3,2
400,4,2,2,1,3,3,3,2,3,3,2
766.67,4,4,2,1,4,4,3,3,3,3,2
1183.3,4,3,2,3,6,3,3,3,3,3,4
1560,4,4,3,3,3,4,3,3,3,3,1
3800,3,3,2,4,5,3,2,3,2,3,3
1400,4,3,2,2,7,3,3,3,3,3,2
5600,3,4,2,4,3,4,3,1,3,3,2
2200,4,2,2,3,3,3,2,3,3,3,1
1542.9,4,4,3,2,6,4,3,3,3,3,4
1658,3,4,2,4,3,4,3,3,3,3,1
800,3,3,2,4,2,3,2,3,2,3,1
1100,4,4,3,3,5,4,3,3,3,3,2
2412.5,4,3,3,3,3,3,3,3,3,3,1
833.33,2,4,3,2,4,4,3,3,3,3,3
11000,4,4,2,4,7,4,3,3,3,3,2
1850,4,2,3,4,3,3,3,3,3,3,2
3300,2,3,2,3,4,4,3,3,3,3,3
2000,4,4,3,3,5,4,3,3,3,3,4
1650,3,4,3,3,5,4,3,3,3,3,4
1180,3,4,3,4,3,3,3,3,3,3,1
5800,4,3,3,4,5,4,3,3,3,3,1
2000,4,4,2,4,4,3,3,3,3,3,2
2500,4,3,2,4,3,3,3,1,2,3,1
1590,3,4,3,3,4,3,3,3,3,3,4
7500,4,4,3,4,7,4,3,3,3,3,4
6666.7,4,3,2,4,7,4,3,3,3,3,3
2750,2,4,3,4,5,4,3,3,3,3,4
3466.7,3,4,2,4,5,3,3,3,3,3,4
3000,4,4,2,3,5,4,3,3,3,3,4
2100,4,2,2,4,6,4,3,3,3,3,3
2333.3,4,4,3,4,3,4,3,3,3,3,4
1750,4,2,3,3,4,4,3,3,3,3,4
1500,4,2,3,4,3,4,3,3,3,3,3
756.67,1,1,2,2,2,1,1,1,1,3,1
2650,4,3,3,4,7,4,3,3,3,3,2
2300,4,4,2,3,5,4,3,3,3,3,1
2000,3,2,3,4,3,4,3,3,3,3,1
816,4,4,2,3,6,4,3,3,3,3,4
6306.7,4,3,2,3,5,3,3,3,3,3,2
5000,4,3,3,4,3,4,3,3,3,3,4
966.67,1,2,2,2,2,2,2,3,3,3,2
1071.4,4,4,3,3,3,4,3,3,3,3,1
2333.3,4,3,3,3,3,4,3,3,3,3,1
2960,4,4,3,3,7,3,3,3,3,3,4
2300,4,2,3,4,3,4,3,3,3,3,2
2700,4,4,2,3,6,4,3,3,3,3,2
1500,4,1,2,4,2,4,3,3,3,3,1
2740,4,4,3,3,5,4,3,3,3,3,2
2200,4,3,2,4,3,4,3,3,3,3,1
1500,4,3,2,3,6,4,3,3,3,3,3
1700,3,4,2,4,3,3,3,3,3,3,1
6000,4,4,3,4,7,4,3,3,3,3,1
2042.3,4,2,2,4,6,3,3,3,3,3,3
2500,4,3,3,4,6,4,3,3,3,3,2
1980,4,4,2,3,6,4,3,3,3,3,1
1680,4,2,1,4,5,4,2,2,2,3,1
1857.1,4,4,3,3,7,4,3,3,3,3,3
519.09,4,3,2,1,4,3,2,3,2,3,2
787.5,4,2,2,3,3,4,3,3,3,3,2
1550,4,4,3,4,5,4,3,3,3,3,1
723.08,4,3,2,1,1,3,3,3,3,3,1
1670,4,4,3,4,2,4,3,3,3,3,1
2350,4,4,3,4,5,4,3,3,3,3,1
928.57,4,2,2,3,4,4,3,3,3,3,4
1900,2,2,2,3,2,4,3,3,3,3,1
3720,4,4,3,3,4,4,3,3,3,3,1
883.75,4,2,2,3,3,3,2,3,3,3,4
1234,4,2,2,3,4,4,3,3,3,3,2
5400,4,4,2,4,5,4,3,3,3,3,1
260,3,3,2,2,3,3,2,3,2,3,1
833.33,4,4,3,3,4,4,3,3,3,3,3
2375,4,2,3,3,3,4,3,1,3,3,4
2166.7,4,4,3,4,5,4,3,3,3,3,1
1833.3,4,3,3,4,4,4,3,3,3,3,1
2666.7,4,4,3,4,5,4,3,3,3,3,1
740,3,4,2,2,3,2,2,3,2,3,4
2950,4,4,3,4,4,4,3,3,3,3,4
4150,4,4,3,4,7,4,3,3,3,3,2
2200,4,2,2,4,2,2,2,3,3,3,2
4000,4,4,2,4,5,4,3,3,3,3,2
8100,4,3,3,4,3,3,3,3,3,3,1
3750,4,4,3,4,5,4,3,3,3,3,4
1113.3,4,4,3,1,2,4,3,3,3,3,1
2820,4,4,3,4,7,4,3,2,3,3,1
657.14,4,4,2,3,5,3,3,3,3,3,2
2324.4,4,4,3,2,4,4,3,3,3,3,2
1750,4,4,3,4,5,4,3,3,3,3,4
1864,4,4,3,3,5,4,3,3,3,3,4
3700,4,4,2,2,5,4,3,3,3,3,4
1100,4,4,2,3,3,4,3,3,3,3,4
2040,4,4,3,3,6,4,3,3,3,3,4
1433.3,4,4,3,4,7,4,3,3,3,3,2
1340,4,4,2,3,5,2,3,3,3,3,2
5000,4,4,3,4,3,4,3,3,3,3,1
1200,3,4,2,1,3,3,3,3,3,3,3
2000,3,4,3,4,7,4,3,3,3,3,1
2100,2,4,3,4,7,4,3,3,3,3,3
1225,4,3,2,4,3,4,3,3,3,3,2
1850,4,2,2,4,3,2,2,1,2,3,1
400,3,2,2,1,2,2,2,3,2,3,2
1500,4,3,2,4,3,4,3,2,2,3,1
300,4,4,2,2,5,4,3,1,2,3,2
8105,4,4,3,4,7,4,3,3,3,3,2
800,4,4,3,4,4,4,3,1,2,3,1
2800,3,4,3,4,2,4,3,3,3,3,1
1756.7,3,4,2,3,7,3,3,3,3,3,3
1283.3,4,4,3,3,3,4,3,3,3,3,4
2000,4,3,3,3,4,4,3,3,3,3,2
3400,4,3,2,4,4,3,3,3,3,3,2
2400,4,3,2,4,3,4,3,2,3,3,1
850,4,3,2,2,2,4,2,3,3,3,1
1781.8,4,4,2,2,5,4,3,3,3,3,4
2200,4,4,3,3,7,3,3,3,3,3,4
2500,4,4,3,4,5,4,3,3,3,3,4
2175,4,4,3,3,5,4,3,3,3,3,2
5000,3,4,3,4,6,4,3,3,3,3,1
500,3,4,3,3,4,4,3,3,3,3,3
1880,4,4,3,3,7,4,3,3,3,3,1
4680,4,2,2,4,4,4,3,3,3,3,2
1390,4,4,2,3,3,3,3,3,3,3,4
3025,4,3,3,4,5,4,3,3,3,3,3
1433.3,3,4,3,4,3,4,3,3,3,3,1
866.67,2,4,3,4,4,4,3,3,3,3,2
1750,4,4,3,3,6,4,3,3,3,3,1
1324,4,4,3,3,3,4,3,3,3,3,1
566.67,4,2,3,3,3,4,3,3,3,3,2
3390,4,4,3,4,5,4,3,3,3,3,2
1000,4,2,2,4,5,4,3,3,3,3,4
1666.7,4,4,3,4,4,4,3,3,3,3,4
493.33,2,4,3,3,4,4,3,3,3,3,1
2933.3,4,3,2,3,4,4,3,3,3,3,4
2400,4,1,2,4,2,4,3,3,3,3,1
2037.5,3,3,3,1,3,4,3,3,3,3,3
1350,3,2,2,4,3,4,3,3,3,3,2
1320,4,4,3,4,3,4,3,3,3,3,4
1500,4,3,2,3,5,4,3,3,3,3,2
1500,3,4,3,3,6,4,3,3,3,3,2
2000,4,4,3,3,4,4,3,3,3,3,2
1516.7,3,4,3,3,4,3,3,3,3,3,1
2175,4,2,3,2,4,4,3,3,3,3,4
980,3,3,2,3,5,4,3,3,3,3,4
3200,4,4,2,4,3,4,3,3,3,3,1
1583.3,4,4,3,3,5,4,3,3,3,3,4
1950,4,3,3,3,4,4,3,3,3,3,3
0,4,3,3,3,3,4,3,3,3,3,1
2800,4,4,3,4,7,4,3,3,3,3,4
1000,4,3,2,4,5,4,3,2,2,3,2
1500,3,4,3,3,5,4,3,3,3,3,3
1380,4,2,2,2,4,4,3,3,3,3,2
5750,4,2,2,4,5,4,3,3,3,3,2
750,4,3,3,4,3,4,3,3,3,3,1
1768,4,4,2,3,3,4,3,3,3,3,3
1400,3,4,3,4,3,3,3,3,3,3,1
2700,4,3,2,4,6,4,3,3,3,3,1
851.67,3,3,2,2,5,4,3,3,3,3,1
625,4,4,3,4,4,4,3,3,3,3,1
3000,4,4,3,4,6,4,3,3,3,3,2
750,4,3,3,3,2,4,3,3,3,3,2
2666.7,4,4,3,4,7,4,3,3,3,3,4
1142.9,4,2,2,3,3,4,3,3,3,3,4
1757.1,4,3,2,1,7,3,3,3,3,3,2
1175,3,4,3,4,3,4,3,3,3,3,2
5566.7,4,4,3,4,4,4,3,3,3,3,1
1200,4,3,3,3,5,4,3,3,3,3,4
1525,4,3,2,4,3,3,3,3,3,3,4
1025,4,3,3,3,2,4,3,3,3,3,1
4850,4,4,3,4,7,4,3,3,3,3,1
4000,4,4,3,4,5,4,3,3,3,3,4
1500,4,4,3,1,6,4,3,1,3,3,1
20000,4,4,3,4,7,4,3,3,3,3,2
2000,4,4,3,4,7,4,3,3,3,3,3
1236.7,4,4,3,3,2,4,3,3,3,3,2
2166.7,4,2,2,3,3,4,3,3,3,3,3
13525,4,4,3,4,5,4,3,3,3,3,1
1220,4,4,2,3,5,4,3,3,2,3,1
3500,4,4,3,4,7,4,3,3,3,3,3
2300,4,3,2,4,3,4,3,3,3,3,1
3931,4,4,2,4,3,4,3,3,3,3,3
700,4,4,2,3,7,4,3,3,3,3,2
277.14,4,4,3,2,3,3,3,3,3,3,1
1325,4,4,3,4,4,4,3,3,3,3,3
1916.7,4,4,3,4,5,4,3,3,3,3,4
1533.3,4,4,3,4,3,3,3,3,3,3,2
1416.7,4,2,2,2,4,4,3,3,3,3,4
2900,3,4,2,4,7,4,3,3,3,3,2
937.5,4,3,2,3,3,3,3,3,3,3,2
4735.3,4,3,3,4,3,4,3,3,3,3,4
933.33,4,2,2,3,3,4,3,3,3,3,4
6750,4,4,3,4,7,4,3,3,3,3,1
7000,4,4,3,4,7,4,3,3,3,3,3
3100,4,4,3,3,5,4,3,3,3,3,2
833.33,4,2,2,3,3,4,3,3,3,3,4
800,4,4,2,3,5,4,3,3,3,3,2
1880,3,4,3,3,3,3,3,3,3,3,4
1147.3,4,4,2,3,2,2,3,3,3,3,1
1425,4,4,2,3,3,3,3,3,3,3,2
7000,4,2,1,4,3,4,3,3,3,3,3
1333.3,4,4,2,4,5,4,3,3,3,3,4
856.67,3,4,2,3,3,4,3,3,3,3,2
1075,4,2,3,4,2,4,3,3,3,3,3
4000,4,4,3,4,6,4,3,1,2,3,2
1171.4,4,4,3,3,4,3,3,3,3,3,1
275,4,4,2,3,6,4,3,2,3,3,1
712,1,1,2,3,3,2,2,3,2,2,2
5000,2,4,3,4,7,4,3,3,3,3,4
9500,2,4,2,4,7,4,3,3,3,3,3
1445,3,3,3,3,4,4,3,3,3,3,2
2000,4,3,2,4,2,4,3,3,3,3,1
1927.5,4,4,3,3,4,4,3,3,3,3,1
990,4,4,2,3,5,4,3,3,3,3,1
7666.7,4,4,3,4,6,4,3,3,3,3,3
9195,4,4,3,4,7,4,3,3,3,3,2
733.33,3,4,3,4,5,4,3,3,3,3,1
4600,4,4,3,4,7,4,3,3,3,3,3
1500,4,4,2,3,5,4,3,3,3,3,4
1166.7,4,4,2,3,5,3,3,3,3,3,4
3200,3,4,2,4,5,3,3,3,3,3,2
366.67,4,3,3,3,5,4,3,3,3,3,4
2025,4,3,2,4,5,3,3,3,3,3,2
1900,4,4,2,2,5,4,3,3,3,3,3
2000,4,4,3,4,5,4,3,3,3,3,4
2900,4,2,2,4,3,3,2,3,3,3,1
2350,4,4,2,4,3,3,3,3,3,3,1
2602.5,4,4,2,4,7,4,3,3,3,3,3
900,4,4,2,4,2,4,3,3,3,3,1
3666.7,4,4,3,4,6,4,3,3,3,3,2
2912.5,4,4,3,4,6,4,3,3,3,3,2
3750,4,4,2,4,4,4,3,3,3,3,2
3333.3,4,4,3,4,7,4,3,3,3,3,4
600,4,3,2,2,3,4,2,3,3,3,3
2860,4,4,3,3,5,4,3,3,3,3,3
3750,4,4,3,4,7,4,3,3,3,3,4
5000,4,4,3,4,7,4,3,3,3,3,1
3800,4,3,3,4,7,4,3,3,3,3,2
4000,4,3,3,4,7,4,3,3,3,3,1
1928.6,4,4,2,3,4,4,3,3,3,3,3
3500,4,3,3,4,3,4,3,3,3,3,1
1285.7,4,4,2,1,6,4,3,3,3,3,4
2600,4,1,1,4,3,1,1,1,2,2,2
1445,4,3,2,3,3,4,3,3,3,3,2
1300,4,4,3,4,5,4,3,3,3,3,1
1643.4,4,4,2,2,5,4,3,3,3,3,1
2600,4,2,2,4,2,3,3,3,3,3,3
4066.7,4,4,2,4,3,4,3,3,3,3,4
0,4,4,2,4,5,4,3,3,3,3,2
3000,4,4,1,4,4,4,3,1,3,3,3
2000,4,3,2,3,6,4,3,3,3,3,4
2050,4,3,2,4,2,3,2,3,2,3,1
966.67,4,2,2,3,5,4,2,3,2,3,4
1292.5,4,4,2,3,3,2,3,3,3,3,2
2078.6,4,3,3,2,7,4,3,3,3,3,2
11000,3,4,3,4,4,4,3,3,3,3,1
3200,4,4,3,4,7,4,3,3,3,3,3
750,4,2,2,4,6,4,3,3,3,3,2
2166.7,3,3,3,3,3,4,3,3,3,3,4
3225,3,4,2,4,7,4,3,3,3,3,2
9000,4,4,3,3,7,4,3,3,3,3,3
4900,4,4,3,4,5,4,3,3,3,3,1
1142.9,4,4,3,3,5,4,3,3,3,3,4
5000,4,3,3,4,7,4,3,3,3,3,2
700,4,3,2,4,4,3,3,1,2,2,2
2500,4,4,2,4,5,3,3,3,3,3,1
933.33,4,2,2,4,5,4,3,3,3,3,3
1900,4,4,2,3,5,4,3,3,3,3,2
2100,4,4,3,4,6,4,3,3,3,3,2
900,4,4,2,4,5,4,3,3,3,3,1
4666.7,4,4,3,4,7,4,3,3,3,3,2
1400,3,4,2,4,4,4,3,3,3,3,1
1950,3,4,2,4,2,4,3,3,3,3,1
1090,3,4,2,3,4,4,3,3,3,3,1
1000,4,3,2,4,5,2,2,3,3,3,2
2200,4,4,2,3,3,3,3,3,3,3,4
290,4,2,2,3,3,2,3,3,3,3,1
937.5,4,4,3,4,3,4,3,3,3,3,4
480,4,4,2,3,5,2,3,3,3,3,1
1795,4,4,3,3,7,4,3,3,3,3,2
2600,4,4,2,3,7,4,3,3,3,3,2
1500,4,4,2,3,6,4,3,3,3,3,1
720,3,1,2,1,3,4,3,3,3,3,1
1425,4,4,3,3,5,4,3,3,3,3,4
8500,4,4,3,4,5,4,3,3,3,3,1
5000,4,4,3,4,6,4,3,3,3,3,1
760,4,4,2,2,4,4,3,3,3,3,4
2815,4,3,2,3,1,4,2,3,3,3,3
2600,4,4,2,3,6,4,3,3,3,3,3
4000,4,4,3,4,7,4,3,3,3,3,2
1266.7,4,3,2,3,6,3,3,3,3,3,2
1457.1,4,2,2,2,2,2,2,3,3,3,2
860,4,4,3,4,3,4,3,3,3,3,1
500,4,2,2,3,5,3,3,3,3,2,4
8000,4,4,3,4,6,4,3,3,3,3,3
1795,4,4,3,3,6,2,3,3,3,3,3
8000,4,4,3,4,7,4,3,3,3,3,1
1190,4,2,2,3,3,3,3,3,3,3,4
8250,4,4,3,4,7,4,3,3,3,3,1
1537.5,3,3,2,3,7,3,3,3,3,3,3
1200,4,4,3,3,5,4,3,3,3,3,3
1850,4,3,3,4,2,4,3,3,3,3,1
2100,4,3,2,4,2,3,3,3,3,3,4
1720,4,4,2,3,5,4,3,3,3,3,4
1732.5,4,4,2,4,5,4,3,3,3,3,3
4033.3,4,4,3,4,5,4,3,3,3,3,4
140,4,4,3,2,3,4,3,3,3,3,1
2400,4,4,3,4,4,4,3,3,3,3,1
1100,3,4,2,4,6,4,3,3,3,3,1
1344.4,4,4,2,3,3,3,3,3,3,3,2
5000,4,4,3,4,7,4,3,3,3,3,2
750,4,4,2,3,4,4,3,3,3,3,1
4050,4,4,3,4,2,4,3,3,3,3,1
2700,3,4,3,3,5,3,3,3,3,3,4
1600,3,3,2,3,7,4,3,3,3,3,1
3116.7,4,4,3,4,7,4,3,3,3,3,1
1750,3,4,3,3,3,4,3,3,3,3,4
6750,4,4,3,4,7,4,3,3,3,3,3
1333.3,4,4,2,4,5,4,3,3,3,3,4
5225,4,3,2,4,4,3,3,3,3,3,4
1175,3,1,2,2,2,4,3,3,2,3,1
5000,3,4,3,4,5,4,3,3,3,3,4
925,4,4,3,4,7,4,3,3,3,3,1
1400,4,4,2,2,5,4,3,3,3,3,3
846.67,4,2,2,2,3,3,3,3,3,3,4
890,4,2,2,1,3,4,3,3,3,3,1
875,4,2,2,3,3,2,3,3,3,3,4
1500,4,4,2,3,5,4,2,3,2,3,2
2000,4,4,2,3,4,4,3,3,3,3,2
4750,4,4,3,4,5,4,3,3,3,3,1
1950,4,3,3,4,6,4,3,3,3,3,4
867.5,4,3,2,1,2,4,3,3,3,3,4
1700,3,3,2,4,3,4,3,3,3,3,1
8666.7,4,4,3,4,7,4,3,3,3,3,1
2333.3,4,4,2,3,6,3,3,3,3,3,2
1875,4,4,2,3,5,4,3,3,3,3,3
1450,4,4,2,4,3,3,3,3,3,3,2
500,4,2,3,4,2,4,3,3,3,3,1
4041.7,4,4,3,3,6,4,3,3,3,3,2
4200,4,4,2,4,5,4,3,3,3,3,1
575,4,3,2,1,3,3,3,3,3,3,2
1633.3,3,2,3,3,2,4,3,3,3,3,1
954.55,4,3,2,1,3,3,3,3,3,3,3
4750,4,2,3,4,7,4,3,3,3,3,2
1083.3,4,3,2,2,3,3,2,3,3,3,4
1520,4,2,2,2,4,4,3,3,3,3,4
2884,4,4,3,3,4,4,3,3,3,3,2
1760,2,4,3,3,5,3,3,3,3,3,1
337.5,4,2,3,3,3,4,3,3,3,3,2
2500,4,4,2,4,5,4,3,3,3,3,4
1590,3,3,2,4,2,4,3,3,3,3,1
3825,4,4,3,4,4,4,3,3,3,3,4
2333.3,4,4,2,4,7,4,3,3,3,3,2
2433.3,4,4,3,4,4,3,3,3,3,3,1
5733.3,4,3,3,4,5,4,3,3,3,3,3
1950,4,4,2,4,4,4,3,3,3,3,1
17400,3,4,3,4,7,4,3,3,3,3,2
1300,4,4,2,3,4,2,2,3,1,1,4
5000,4,4,2,4,6,4,3,3,3,3,2
1100,3,4,3,4,3,4,3,3,3,3,1
5100,4,4,3,4,6,4,3,3,3,3,3
316.67,3,4,3,3,5,4,3,3,3,3,2
3100,3,3,2,4,3,3,2,3,2,3,2
1960,3,4,3,3,6,4,3,3,3,3,4
2400,4,3,2,4,3,4,3,3,3,3,1
4100,4,2,2,4,3,4,3,1,3,3,4
2766.7,4,4,3,4,5,4,3,3,3,3,1
873.33,4,4,2,2,5,4,3,3,3,3,4
2000,4,4,2,3,4,4,3,3,3,3,1
3700,4,3,3,4,3,3,3,3,3,3,2
1632,4,4,2,3,3,4,3,3,3,3,2
925,4,4,2,3,4,3,3,3,3,3,4
1250,4,4,3,3,5,4,3,3,3,3,3
920,4,3,2,3,3,3,3,3,3,3,1
2400,4,4,2,4,4,4,3,3,3,3,1
2000,4,4,2,3,4,2,3,3,3,3,4
853.33,3,4,3,1,2,4,3,3,3,3,1
2600,4,4,2,4,5,4,3,2,3,3,1
1600,4,4,2,4,4,4,3,3,3,3,1
1200,3,3,2,2,3,1,1,3,2,3,1
1800,3,4,3,3,4,3,3,3,3,3,4
1675,4,3,2,3,4,4,3,3,3,3,4
2920,4,4,3,4,5,4,3,3,3,3,1
2880,3,4,2,4,7,4,3,3,3,3,4
3700,3,4,3,4,3,3,3,3,3,3,1
2960,3,3,2,3,7,4,3,3,3,3,2
687.5,4,2,2,1,4,4,3,3,3,3,1
4400,4,4,3,3,7,4,3,3,3,3,2
683.33,3,3,2,3,6,4,2,3,2,3,3
1333.3,4,4,3,4,4,4,3,3,3,3,1
3666.7,4,4,3,4,7,4,3,3,3,3,4
3700,4,3,2,3,3,3,3,3,3,3,1
666.67,4,2,2,4,3,2,2,3,1,1,1
1875,4,4,3,3,4,4,3,3,3,3,3
1000,3,4,2,3,6,4,3,3,3,3,1
1500,3,3,2,4,5,4,3,3,3,3,2
3215.2,4,4,3,3,5,4,3,3,3,3,1
1157.1,4,4,3,3,3,4,3,3,3,3,4
1990,4,2,2,3,3,2,3,3,3,3,3
2912.5,3,4,2,3,7,3,3,3,3,3,2
120,4,3,2,3,3,3,3,2,3,3,1
933.33,4,4,2,4,4,4,3,3,3,3,2
1750,4,4,3,4,3,4,3,3,3,3,1
1750,4,4,3,4,5,4,3,3,3,3,1
668,3,4,3,4,3,4,3,3,3,3,4
2664,4,2,2,2,3,3,3,1,3,3,2
1393.3,4,4,2,2,3,3,3,3,3,3,4
3133.3,4,4,3,3,7,4,3,3,3,3,2
2000,4,4,2,3,5,3,3,3,3,3,4
2180,3,4,2,2,4,4,3,3,3,3,4
2120,4,4,2,4,5,3,3,3,3,3,2
2625,4,4,2,3,4,4,3,3,3,3,3
1200,4,4,3,3,3,4,3,3,3,3,1
1268.8,4,3,2,3,3,4,3,3,3,3,2
1800,3,3,1,3,2,3,3,3,3,3,2
2514,3,4,3,4,7,4,3,3,3,3,1
2025,4,3,3,3,6,4,3,3,3,3,2
2000,4,4,2,4,4,4,3,3,3,3,1
2450,4,4,3,4,6,3,3,3,3,3,4
7600,3,2,2,4,5,4,3,3,3,3,3
692.5,3,3,3,3,3,4,3,3,3,3,2
1700,4,4,2,3,4,3,3,3,3,3,2
3200,4,4,2,3,6,4,3,3,3,3,3
6000,4,4,3,4,6,4,3,3,3,3,4
1033.3,2,2,3,4,3,4,3,3,3,3,4
1975,4,1,2,3,3,4,3,3,3,3,4
2740,3,4,3,4,7,4,3,3,3,3,3
3500,3,4,2,4,2,4,3,3,3,3,1
28000,4,4,3,4,7,4,3,3,3,3,2
1065,4,3,2,1,5,3,3,3,3,3,3
2600,3,4,3,3,3,3,3,3,3,3,1
2800,4,2,2,4,3,4,3,3,3,3,3
1885.7,4,4,3,4,2,4,3,3,3,3,1
1600,4,3,3,3,3,4,3,3,3,3,2
1130,3,2,2,1,5,2,2,3,1,1,2
3283.3,4,3,3,4,7,4,3,3,3,3,3
1125,3,2,2,4,3,4,3,3,3,3,1
2700,4,4,2,4,7,4,3,3,3,3,2
1185.7,4,4,2,3,3,4,3,3,3,3,2
280,4,4,2,4,5,4,3,3,3,3,1
3300,4,4,3,4,7,4,3,3,3,3,2
1150,4,4,3,2,5,4,3,3,3,3,4
1293.5,4,3,2,3,2,3,2,3,2,3,4
5000,4,4,2,4,3,4,3,3,3,3,1
2250,3,3,3,4,3,4,3,3,3,3,1
1010,4,4,3,3,5,4,3,3,3,3,2
1125,3,4,3,3,5,4,3,3,3,3,2
2800,4,4,3,4,5,4,3,3,3,3,1
1414.3,4,3,3,2,4,4,3,3,3,3,3
871.43,4,2,2,1,2,4,3,3,3,3,1
657.14,4,4,3,3,5,4,3,3,3,3,3
1514.3,4,4,2,2,3,4,3,3,3,3,1
1616.7,3,4,3,3,5,4,3,3,3,3,3
2900,4,3,2,3,6,3,2,3,3,3,4
2780,4,2,2,4,3,4,2,1,2,3,2
2000,4,4,3,4,7,4,3,3,3,3,4
2400,4,4,2,4,2,4,3,3,3,3,1
1775,4,4,2,3,4,4,3,3,3,3,1
2300,4,3,2,4,2,4,3,3,3,3,1
1250,4,3,3,3,3,4,3,3,3,3,4
670,4,2,2,1,3,3,2,3,2,3,4
106.67,4,4,3,4,5,3,3,1,3,3,1
1892.5,4,3,3,3,5,4,3,3,3,3,3
1475,4,4,2,3,7,3,3,3,3,3,3
1000,4,4,3,4,3,3,3,3,3,3,4
1900,4,2,3,4,2,4,3,3,3,3,4
930,2,4,2,3,3,3,3,3,3,3,4
933.33,2,4,3,4,5,4,3,3,3,3,4
1375,4,4,2,1,3,4,3,3,3,3,4
9400,4,4,3,4,7,4,3,3,3,3,1
216.67,4,4,2,4,3,4,3,1,3,3,2
2387.5,2,4,3,3,7,4,3,3,3,3,2
2252,4,4,3,3,5,3,3,3,3,3,1
900,4,4,2,2,5,4,3,3,3,3,2
2625,4,4,3,4,7,4,3,3,3,3,2
3750,4,4,2,3,4,3,3,3,3,3,4
350,4,4,2,4,6,3,3,3,3,3,1
1900,4,4,2,4,7,3,3,3,3,3,4
1860,4,3,3,2,4,4,3,3,3,3,3
11800,4,4,3,4,7,4,3,3,3,3,2
1300,4,4,3,4,7,3,3,3,3,3,1
1337.8,3,3,2,2,3,2,2,3,2,3,1
1666.7,4,4,3,4,7,4,3,3,3,3,1
6000,3,4,2,4,4,4,3,3,3,3,3
722.22,4,3,3,3,3,4,3,3,3,3,3
4000,4,4,3,4,3,4,3,3,3,3,1
2500,2,3,2,4,3,2,3,3,2,3,1
2900,2,4,3,4,3,3,3,3,3,3,1
6500,4,2,1,4,3,3,2,3,3,3,4
3200,4,4,3,4,6,4,3,3,3,3,1
2096,4,4,3,3,3,4,3,3,3,3,1
2230,4,4,2,3,3,2,3,3,3,3,4
2433.3,4,4,3,4,6,4,3,3,3,3,3
2600,4,4,2,4,7,4,3,3,3,3,1
2500,2,4,3,4,3,4,3,3,3,3,1
1242.9,4,3,2,3,4,4,3,3,3,3,2
1516,4,3,3,3,4,3,3,3,3,3,2
375,4,4,3,3,3,4,3,3,3,3,4
872,3,4,2,4,3,3,2,3,3,3,4
1320,4,4,3,4,5,3,3,3,2,3,1
3400,4,4,2,3,3,3,3,3,3,3,4
1966.7,4,4,2,4,4,4,3,3,3,3,1
1000,4,4,2,4,3,3,3,3,3,3,4
1995,3,3,3,4,3,4,3,3,3,3,1
500,4,4,2,3,4,3,3,3,3,3,2
2000,3,3,2,3,4,4,3,3,3,3,4
3500,4,4,2,4,7,4,3,3,3,3,4
3800,4,4,2,4,2,4,3,3,3,3,1
850,3,4,2,3,5,3,3,3,3,3,4
1425,4,4,3,4,3,3,3,3,3,3,3
800,3,3,2,1,7,4,3,3,3,3,3
1180,4,4,3,4,6,3,3,3,3,3,3
2000,4,2,2,4,4,1,1,3,1,1,2
638.89,4,2,2,2,3,4,3,3,2,3,1
8000,4,4,3,4,6,4,3,3,3,3,1
950,4,4,2,3,5,3,3,3,3,3,2
1850,4,4,2,4,5,4,3,3,3,3,2
900,4,4,3,4,3,3,3,3,3,3,1
2300,4,3,3,3,4,3,3,3,3,3,4
3300,4,4,3,4,7,4,3,3,3,3,2
500,3,3,3,4,4,4,3,3,3,3,4
646.67,4,3,2,3,3,3,3,3,3,3,4
2000,4,1,3,4,2,4,3,3,3,3,1
3750,4,4,2,4,6,4,3,3,3,3,1
3300,4,4,2,4,7,4,3,3,3,3,1
801.43,4,2,2,1,2,4,2,3,3,3,1
1750,4,4,3,4,4,4,3,3,3,3,4
2400,4,4,2,4,3,3,3,3,3,3,1
1533.3,4,3,3,4,7,4,3,3,3,3,3
3161,4,4,3,4,5,4,3,3,3,3,1
6872.5,4,4,3,4,7,4,3,3,3,3,2
2666.7,4,4,3,4,6,4,3,3,3,3,2
1375,4,4,2,4,3,2,3,3,3,3,3
920,3,4,3,3,5,4,3,3,3,3,4
786.67,3,3,1,3,5,3,3,3,3,3,2
861.67,3,3,2,3,3,3,3,3,3,3,1
1400,4,3,2,4,5,4,3,3,3,3,2
597.5,4,2,2,3,3,2,2,3,3,3,2
3300,4,4,3,4,3,3,3,3,3,3,1
1000,4,3,2,3,2,4,3,3,3,3,3
1220,3,3,2,3,4,2,2,3,3,3,4
12000,4,4,3,4,7,4,3,3,3,3,3
1000,3,3,3,4,1,4,3,3,3,3,1
1714,3,4,3,3,5,4,3,3,3,3,2
1914.3,4,4,3,2,7,4,3,3,3,3,1
1500,4,4,3,4,4,4,3,3,3,3,3
2300,3,4,2,3,2,3,3,3,3,3,4
616.67,4,2,2,4,5,4,3,3,3,3,2
3566.7,4,4,2,4,3,3,3,3,3,3,4
6000,4,4,3,4,7,4,3,3,3,3,1
1675,2,2,2,3,4,4,3,1,3,3,4
0,4,4,2,4,6,4,3,3,3,3,1
4650,4,2,2,4,3,4,3,3,3,3,1
3500,3,4,2,3,7,4,3,3,3,3,4
2300,4,1,1,4,2,1,1,3,2,3,1
862.86,3,4,2,3,3,4,3,3,3,3,2
3342.9,4,4,2,3,5,3,3,3,3,3,2
1750,4,2,2,4,2,3,3,3,3,3,1
1156.3,4,2,3,3,3,3,3,3,3,3,2
3000,3,4,2,4,5,3,2,3,3,3,4
1000,4,2,2,1,3,4,3,3,3,3,1
1166.7,4,4,2,3,3,3,3,3,3,3,2
2785,4,2,2,4,3,4,3,3,3,3,1
3675,4,2,3,4,2,4,3,3,3,3,1
1512.5,4,4,2,3,7,3,3,3,3,3,2
500,3,1,2,4,5,4,3,3,3,3,1
1031.7,4,2,2,2,6,4,3,3,2,3,4
2100,4,4,2,3,1,4,3,3,3,3,1
500,4,4,3,3,6,4,3,3,3,3,1
680,3,4,2,3,3,1,1,3,2,3,2
4000,4,4,3,4,6,4,3,3,3,3,1
1170,4,3,2,4,3,3,3,3,3,3,2
528.57,4,4,2,1,2,3,3,3,3,3,1
2900,4,4,3,4,5,3,3,3,3,3,2
856,4,4,3,3,3,4,3,3,3,3,2
1420,4,4,2,4,3,3,3,3,3,3,1
8500,4,4,2,4,7,4,3,3,3,3,2
2510,4,2,3,3,4,4,3,3,3,3,3
2050,4,4,3,4,7,4,3,3,3,3,3
2200,4,4,3,4,6,4,3,3,3,3,1
1400,4,4,2,1,5,3,3,3,3,3,2
2200,3,4,3,4,5,4,3,3,3,3,1
7800,4,4,3,4,5,4,3,3,3,3,1
3000,4,4,3,4,4,4,3,3,3,3,4
5250,4,4,3,4,7,3,3,3,3,3,2
5500,4,4,3,4,2,4,3,3,3,3,1
2100,4,3,3,3,3,4,3,3,3,3,4
1116.7,4,4,2,3,4,4,3,3,3,3,4
3000,4,4,2,4,6,4,3,3,3,3,1
700,4,2,2,3,3,3,2,3,3,3,3
1250,3,4,2,4,6,4,3,3,3,3,1
1972,4,3,3,4,4,4,3,3,3,3,4
1200,4,3,2,3,2,4,3,3,3,3,4
1453.3,4,3,3,4,4,3,3,3,3,3,2
2850,4,4,3,4,3,3,3,3,3,3,2
2000,4,4,3,4,6,4,3,3,3,3,4
2250,4,4,3,4,5,4,3,3,3,3,1
6125,4,4,3,4,7,4,3,3,3,3,1
2600,3,4,2,3,5,4,3,3,3,3,1
2240,4,4,3,2,4,4,3,3,3,3,4
2510,3,4,3,3,7,4,3,3,3,3,2
1392.5,3,2,3,3,7,4,2,3,3,3,1
2480,4,4,3,3,2,3,3,3,3,3,1
860,4,3,2,4,4,3,3,3,3,3,2
2187.5,4,4,3,3,7,4,3,3,3,3,2
750,4,4,3,4,6,4,3,3,3,3,1
4500,3,4,2,4,4,3,3,3,3,3,2
760,4,4,2,3,7,3,3,3,3,3,2
528,4,4,2,2,2,4,2,3,2,3,1
1933.3,3,4,3,2,5,4,3,3,3,3,4
3200,4,4,3,4,7,4,3,3,3,3,1
4333.3,4,4,3,4,7,4,3,3,3,3,3
1450,4,2,2,3,4,2,3,3,3,3,4
3550,4,4,2,4,6,3,3,2,3,3,3
2000,4,4,2,3,5,3,3,3,3,3,4
7666.7,4,4,3,4,4,3,3,3,3,3,4
1333.3,4,4,3,4,7,4,3,3,3,3,1
952,4,4,2,4,2,4,3,3,3,3,1
2850,4,4,3,4,3,3,3,3,3,3,4
1650,4,4,2,4,4,3,3,3,3,3,4
2200,3,4,2,4,5,3,3,3,3,3,1
485,4,3,2,3,4,4,3,3,3,3,2
1600,4,3,1,4,2,1,1,1,2,3,2
1666.7,3,4,3,3,5,4,3,3,3,3,3
5800,4,4,3,3,7,4,3,3,3,3,2
1412.5,4,4,3,3,3,4,3,2,3,3,2
1200,4,4,2,3,3,3,3,3,3,3,4
2250,3,3,2,3,4,4,3,3,3,3,2
850,4,3,3,3,5,3,3,3,3,3,4
3300,4,4,3,3,7,4,3,3,3,3,3
1500,4,4,3,3,6,4,3,3,3,3,2
1700,4,4,3,3,7,4,3,3,3,3,1
1700,3,4,2,4,3,3,3,3,3,3,2
6000,4,4,3,3,7,2,3,3,3,3,3
635.71,3,2,3,3,4,4,3,3,3,3,3
1700,4,4,2,3,4,3,3,3,3,3,2
1400,4,4,2,3,5,4,3,3,3,3,4
1035.7,3,4,3,3,5,4,3,3,3,3,3
975,4,4,2,4,4,3,3,3,3,3,2
2600,4,4,3,4,7,4,3,3,3,3,1
490,4,4,3,3,3,3,3,3,3,3,2
1433.3,4,2,2,3,3,2,2,3,2,3,4
1516.7,4,4,2,4,2,4,3,3,3,3,1
1475,3,4,2,3,4,4,3,3,3,3,3
2566.7,4,2,2,3,3,4,3,3,3,3,4
2450,4,4,2,4,7,4,3,3,3,3,1
3166.7,4,4,3,4,3,4,3,3,3,3,2
1075,4,4,3,4,4,4,3,3,3,3,2
2450,4,2,2,4,7,3,3,3,2,3,1
1500,4,3,2,4,5,4,3,3,3,3,1
4000,3,4,3,4,3,4,3,3,3,3,1
183.33,4,2,2,2,4,2,3,3,3,3,1
2950,4,4,3,4,5,4,3,3,3,3,4
2750,4,4,3,4,7,4,3,3,3,3,3
7000,4,4,3,4,6,4,3,3,3,3,1
4000,4,4,3,4,4,4,3,3,3,3,1
14000,3,4,2,4,6,4,3,3,3,3,2
4080,4,4,3,3,5,4,3,3,3,3,4
1450,4,2,2,3,2,2,2,3,1,1,1
872,4,4,2,3,4,4,3,3,3,3,2
2800,4,4,2,4,5,4,3,3,3,3,1
1366.7,4,4,3,4,2,4,3,3,3,3,1
800,4,2,2,4,2,2,2,3,3,3,2
10750,4,4,3,4,7,4,3,3,3,3,2
2550,4,3,3,4,6,4,3,3,3,3,3
17000,4,4,3,4,7,3,3,3,3,2,4
1600,4,4,2,4,3,3,3,3,3,3,1
0,4,4,2,3,5,3,3,3,3,3,2
9000,3,3,3,4,3,4,3,3,3,3,4
1925,4,4,3,4,2,4,3,3,3,3,2
350,4,1,2,2,3,1,1,3,1,1,2
1114,4,4,3,3,2,4,3,3,3,3,1
8000,4,4,3,4,7,4,3,3,3,3,2
785.71,4,3,2,2,5,4,3,3,3,3,3
6200,4,4,2,4,5,4,3,3,3,3,3
2833.3,4,4,3,4,4,4,3,3,3,3,1
1440,4,4,2,3,3,3,3,3,3,3,2
2625,4,4,3,4,7,4,3,3,3,3,1
2833.3,4,4,3,4,7,4,3,3,3,3,2
1200,3,3,2,4,6,4,3,3,3,3,1
1750,3,4,2,3,5,4,3,3,3,3,4
1256,2,2,2,3,3,4,3,3,3,3,2
1012.5,2,2,2,1,2,4,3,3,3,3,4
1440,3,3,3,3,5,4,3,3,3,3,1
1266.7,4,2,2,2,3,3,3,3,3,3,2
7950,4,4,3,4,7,4,3,3,3,3,4
413.33,4,3,2,3,3,4,3,3,3,3,1
1700,4,3,3,3,5,4,3,3,3,3,2
2500,3,4,2,4,3,4,3,3,3,3,1
1250,3,2,2,4,5,2,3,3,2,3,1
444,4,1,2,1,3,4,3,3,3,3,1
878.57,4,3,2,2,4,4,3,3,2,3,4
8233.3,4,4,3,4,7,4,3,3,3,3,2
1466.7,4,4,2,4,3,3,3,3,3,3,1
1000,4,4,2,3,5,4,3,3,3,3,4
2710,4,3,2,4,3,4,3,2,3,3,2
4000,4,4,3,4,6,4,3,3,3,3,1
783.33,3,4,3,3,3,4,3,3,3,3,3
2200,4,2,2,3,3,4,3,3,3,3,1
1775,4,3,3,3,5,4,3,3,3,3,2
2000,4,4,3,4,2,4,3,3,3,3,1
753.75,3,4,3,3,3,3,2,3,3,3,2
4650,4,4,3,4,7,3,3,3,3,3,4
2400,4,3,2,4,3,4,2,3,2,3,4
1000,4,4,3,3,5,4,3,3,3,3,2
1616.7,4,3,2,2,6,4,2,3,3,3,4
5250,4,4,3,4,7,4,3,3,3,3,1
658,4,3,2,3,3,3,3,3,3,3,4
2166.7,4,4,3,4,5,4,3,3,3,3,1
2250,4,2,2,1,3,3,3,3,3,3,3
1300,4,2,2,2,4,4,3,1,2,3,4
1150,3,4,3,3,3,3,3,3,3,3,2
1250,4,2,3,3,4,2,3,3,3,3,2
725,4,4,3,4,5,4,3,3,3,3,2
732.5,4,3,3,3,5,4,3,3,3,3,2
8666.7,4,4,2,4,7,4,3,3,3,3,4
1171.4,4,3,2,2,3,4,3,3,3,3,2
3000,4,4,2,3,5,4,3,3,3,3,2
2100,2,1,2,3,1,4,2,3,2,3,1
3000,4,4,3,4,5,4,3,3,3,3,1
3750,4,4,3,4,7,4,3,3,3,3,3
3250,4,4,3,4,7,4,3,3,3,3,3
680,4,4,2,4,3,3,3,3,3,3,4
2000,4,4,3,3,6,4,3,3,3,3,1
1216.7,4,4,2,4,3,3,3,3,3,3,2
1450,4,4,2,3,3,4,3,3,3,3,4
1050,4,4,3,3,2,4,3,3,3,3,1
6500,4,3,3,4,6,4,3,3,3,3,4
966.67,4,3,3,4,4,4,3,3,3,3,3
0,4,4,3,4,7,4,3,3,3,3,1
2333.3,4,4,2,3,5,4,3,3,3,3,4
2820,4,4,3,3,6,4,3,3,3,3,3
4050,4,4,3,3,6,4,3,3,3,3,4
3100,3,4,3,4,2,3,3,3,3,3,1
600,4,4,2,2,3,3,3,3,3,3,2
1137.1,3,3,2,1,3,3,3,3,3,3,3
1375,4,4,3,3,7,4,3,3,3,3,2
983.33,4,2,2,1,4,2,2,3,2,3,4
1923.3,4,3,2,4,3,4,3,3,3,3,4
880,3,3,2,3,3,3,3,3,3,3,4
1800,4,3,2,3,4,4,3,3,3,3,1
1640,4,4,2,3,7,4,3,3,3,3,4
2837.5,4,2,3,2,5,3,3,3,3,3,4
2070,4,4,3,4,2,4,3,3,3,3,1
5500,4,4,3,3,6,4,3,3,3,3,3
1230,4,1,2,2,2,2,2,3,3,3,2
2500,4,4,3,4,3,4,3,3,3,3,1
1860,3,3,3,3,5,4,3,3,3,3,2
2625,4,4,2,3,3,4,3,3,3,3,1
908,4,2,2,2,4,3,2,3,2,3,4
840,3,2,2,3,5,4,3,3,3,3,1
1277.8,4,2,2,3,3,4,3,3,3,3,4
4460,4,4,3,4,7,4,3,3,3,3,2
1910,4,2,2,1,2,1,1,3,2,3,4
1260,4,3,2,2,4,4,3,3,3,3,2
2500,4,2,2,4,3,4,3,3,3,3,4
0,4,2,2,4,3,1,1,1,2,3,1
1500,4,4,2,3,3,3,3,3,3,3,1
1665.7,3,4,2,2,5,4,3,3,3,3,4
2725,4,4,3,4,2,3,3,3,3,3,1
561.43,4,2,2,1,3,2,2,3,3,3,4
1200,4,4,3,4,4,3,3,3,3,3,1
1000,3,3,2,3,3,3,3,3,3,3,4
2800,4,4,3,4,5,4,3,3,3,3,1
1902.9,4,4,2,2,6,4,3,2,3,3,1
1220,3,2,2,3,3,3,2,3,2,3,3
496.67,4,2,2,2,4,4,3,1,2,3,2
1433.3,4,4,2,3,3,4,3,3,3,3,4
4250,4,4,2,4,5,4,3,1,3,3,4
1340,4,3,3,3,7,4,2,3,3,3,1
628.57,4,2,3,3,3,4,3,3,3,3,1
766.67,4,4,2,4,6,4,3,3,3,3,2
1050,4,4,2,4,2,2,2,3,3,3,1
1100,4,2,2,3,2,1,1,3,1,1,2
766.67,4,4,3,2,5,4,3,3,3,3,4
1200,4,4,2,3,2,4,3,3,3,3,4
675,4,4,3,2,6,4,3,3,3,3,4
545,3,2,2,3,4,4,3,3,3,3,4
4600,4,4,2,4,4,4,3,3,3,3,3
8500,4,4,2,4,5,4,3,3,3,3,3
1542.9,4,3,2,3,7,3,3,3,3,3,2
814.29,4,3,2,3,3,3,3,3,3,3,2
1350,3,4,2,3,4,4,3,3,3,3,2
2700,3,3,3,4,4,4,3,3,3,3,4
2333.3,4,4,3,4,5,3,3,3,3,3,1
2166.7,4,4,3,3,5,4,3,3,3,3,4
1328.6,4,4,3,3,6,4,3,3,3,3,2
6500,4,3,3,4,7,4,3,3,3,3,1
583.33,4,4,3,3,1,4,3,3,2,3,1
698,4,4,2,3,4,4,3,3,3,3,1
2000,3,3,2,3,5,3,3,3,3,3,3
3280,3,4,2,4,3,4,3,3,3,3,2
1230,4,4,3,3,6,4,3,3,3,3,4
1550,4,3,3,4,3,4,3,3,3,3,1
400,4,4,3,3,2,3,2,3,3,3,2
4233.3,3,3,2,4,5,4,3,3,3,3,1
1800,2,4,3,4,2,4,3,3,3,3,1
0,4,4,2,4,2,3,3,3,3,3,1
1000,3,3,2,4,3,4,3,3,3,3,2
2166.7,4,4,3,4,5,4,3,3,3,3,4
1875,4,4,3,3,4,3,3,3,3,3,3
2500,4,4,3,2,3,3,3,3,3,3,2
3250,4,4,3,4,2,4,3,3,3,3,1
1260,3,3,2,2,5,3,3,3,3,3,3
686,4,4,2,2,3,4,3,3,3,3,1
2600,3,3,3,4,5,4,3,3,3,3,1
6800,4,4,2,4,6,4,3,3,3,3,1
3750,4,4,2,4,3,4,3,3,3,3,4
930,3,3,2,2,5,2,2,3,2,3,4
3000,4,4,2,4,5,4,3,3,3,3,4
2008.3,4,4,2,3,3,4,3,3,3,3,1
2433.3,4,4,3,4,3,4,3,3,3,3,1
1937.5,4,3,3,4,6,4,3,3,3,3,4
2200,4,4,2,4,4,3,3,3,3,3,2
9000,4,4,3,4,7,4,3,3,3,3,1
2480,4,4,3,3,7,4,3,3,3,3,2
1750,4,4,3,4,6,4,3,3,3,3,1
3235,4,2,3,4,3,4,3,3,3,3,1
733.33,3,4,3,4,3,4,3,3,3,3,1
1027.1,3,3,2,2,1,3,2,2,2,3,1
2625,4,4,3,3,5,4,3,3,3,3,2
1950,4,3,2,4,2,3,2,3,2,3,1
1300,4,4,3,3,5,3,3,3,3,3,2
1837.5,4,4,3,3,3,4,3,3,3,3,4
975,3,3,2,3,3,4,3,3,3,3,2
1520,3,4,3,3,5,4,3,3,3,3,3
1325,4,4,3,3,6,4,3,3,3,3,2
2300,4,4,3,4,3,4,3,3,3,3,1
3700,4,4,3,4,2,4,3,3,3,3,3
4100,4,4,2,4,5,2,3,3,3,3,2
1750,4,4,2,4,6,4,3,3,3,3,4
833.33,4,3,2,4,3,4,3,3,3,3,1
1000,3,2,2,3,3,2,2,3,1,1,1
2250,3,4,3,4,4,4,3,3,3,3,4
451.25,4,2,2,1,2,2,2,3,2,3,1
341.54,4,4,2,1,2,3,2,3,3,3,1
945,4,4,2,3,4,4,3,3,3,3,2
1000,4,3,3,4,4,4,3,3,3,3,1
245.83,4,3,2,2,4,3,3,3,3,3,1
2533.3,4,4,3,4,6,4,3,3,3,3,4
1160,4,4,3,2,5,4,3,3,3,3,4
2750,4,4,3,4,5,4,3,3,3,3,2
4333.3,4,4,2,4,2,4,3,3,3,3,1
2150,3,3,2,4,2,4,3,3,3,3,1
3000,4,4,2,3,4,3,3,3,3,3,4
1121.4,4,4,3,4,5,4,3,2,3,3,4
5400,4,4,3,4,7,4,3,3,3,3,1
2800,4,4,3,4,2,4,3,3,3,3,1
2566.7,4,4,3,4,7,4,3,3,3,3,4
2288.3,4,3,3,4,5,4,3,3,3,3,3
7715,4,4,3,4,3,4,3,3,3,3,4
1375,4,4,2,3,5,4,3,3,3,3,3
2133.3,4,4,3,4,2,3,3,3,3,3,1
2666.7,4,4,2,4,6,4,3,3,3,3,4
0,4,4,2,4,3,4,3,3,3,3,1
2625,4,4,3,4,5,4,3,3,3,3,3
4250,4,4,3,4,5,4,3,3,3,3,4
1875,4,4,3,4,6,4,3,3,3,3,2
1800,4,4,2,4,5,4,3,2,3,3,1
1600,4,4,2,3,7,4,3,3,3,3,3
3500,4,2,2,4,4,4,3,3,3,3,4
2650,4,4,2,4,5,4,3,3,3,3,3
1025,4,4,3,4,5,4,3,3,3,3,1
1625,3,2,3,4,7,4,3,3,3,3,2
985.71,3,4,2,2,3,4,3,3,3,3,4
1375,4,3,3,3,6,4,3,3,3,3,2
400,4,4,2,2,4,2,3,3,3,3,3
4266.7,4,4,3,4,6,4,3,3,3,3,4
3600,4,4,3,4,3,4,3,3,3,3,1
2750,4,4,3,4,3,3,3,3,3,3,3
9000,4,4,3,4,5,4,3,3,3,3,4
2216.7,4,3,3,4,2,4,3,3,3,3,1
462.5,4,3,2,4,3,1,1,1,1,3,2
6000,3,4,3,4,4,4,3,3,3,3,4
276,4,4,2,3,3,4,3,3,3,3,1
4843,4,4,3,4,7,4,3,3,3,3,1
2200,3,4,2,4,2,4,3,3,3,3,1
1750,3,4,3,4,6,3,3,3,3,3,2
5200,3,4,3,4,7,4,3,3,3,3,1
650,4,3,2,1,5,3,3,3,3,3,4
5000,4,4,3,3,7,4,3,3,3,3,3
826.67,4,3,3,3,3,4,3,3,3,3,2
2750,4,2,3,3,3,4,3,3,3,3,4
250,2,4,2,3,4,4,3,3,3,3,3
1275,4,2,2,3,4,3,2,3,2,3,3
2000,4,4,2,4,6,4,3,3,3,3,4
524,4,4,2,2,2,3,2,3,2,3,1
4500,4,4,3,4,5,4,3,3,3,3,3
3875,4,4,3,3,7,4,3,3,3,3,3
1196,3,2,3,3,3,4,3,3,3,3,1
571.43,4,4,2,1,5,4,3,3,3,3,2
2733.3,4,4,3,4,4,4,3,3,3,3,1
1202.9,4,2,2,2,2,4,3,3,3,3,2
1378.3,4,4,3,2,3,3,3,3,3,3,2
0,3,2,2,3,2,3,2,3,2,3,4
3750,4,4,3,4,7,4,3,3,3,3,1
900,3,4,3,4,3,3,2,3,3,3,2
1200,4,4,2,3,5,4,3,3,3,3,4
1720,4,4,3,3,5,4,3,3,3,3,4
2000,4,4,3,4,2,4,3,3,3,3,1
1366.7,4,4,3,4,5,3,3,3,3,3,1
4400,4,3,2,4,5,4,3,2,3,3,4
500,4,4,2,4,5,3,3,3,3,3,1
800,4,4,3,4,5,4,3,3,3,3,1
13500,4,4,3,4,7,4,3,3,3,3,2
200,4,4,2,4,6,3,3,3,3,3,2
1000,4,4,3,4,7,4,3,3,3,3,1
3000,3,4,3,4,5,4,3,3,3,3,1
1103.3,4,4,2,2,5,1,1,1,2,3,1
1300,4,2,2,4,5,3,3,3,3,3,1
761.33,4,4,2,2,3,3,3,3,3,3,1
1000,2,3,2,4,3,4,3,3,2,3,1
1400,4,4,3,4,3,3,3,3,3,3,1
1325,3,3,2,3,5,4,3,3,3,3,4
3750,4,4,3,4,7,4,3,3,3,3,4
4000,3,3,3,4,7,4,3,3,3,3,1
2533.3,4,4,3,4,5,4,3,3,3,3,2
800,4,2,2,3,4,2,2,3,3,3,1
8000,4,4,3,4,5,4,3,3,3,3,1
1516.7,4,4,3,3,5,4,3,3,3,3,4
10000,4,4,3,4,7,4,3,3,3,3,1
900,3,2,2,3,5,4,3,3,3,3,1
633.33,4,3,2,3,3,3,3,3,3,3,2
2500,4,4,3,4,5,4,3,3,3,3,1
920,4,4,2,3,5,3,3,3,3,3,2
2900,4,4,2,3,4,4,3,3,3,3,2
1375,3,4,2,3,3,4,3,3,3,3,3
1500,4,4,2,4,2,4,3,3,3,3,1
1308,4,4,2,4,3,4,3,3,3,3,1
1075,3,4,2,3,4,4,3,3,3,3,2
1350,4,4,2,3,5,4,3,3,3,3,4
11800,4,4,3,4,7,4,3,3,3,3,3
3333.3,4,4,3,3,5,4,3,3,3,3,4
1666.7,4,3,3,3,2,3,3,3,3,3,2
1425,4,4,3,3,5,3,3,3,3,3,1
2780,3,4,2,3,7,4,3,3,3,3,3
800,4,2,2,4,4,4,3,3,3,3,2
2000,4,2,2,3,3,4,3,1,3,3,4
4166.7,4,4,3,4,7,4,3,3,3,3,1
500,4,3,2,2,4,4,3,1,3,3,1
1770,4,4,2,3,3,4,3,3,3,3,1
1520,4,3,2,4,5,4,3,3,3,3,2
1750,4,2,2,3,5,4,3,3,3,3,4
2400,4,2,2,4,3,2,3,3,3,3,1
4025,3,4,3,3,7,4,3,3,3,3,4
1016.7,4,3,2,3,3,2,2,3,1,1,1
2333.3,4,4,3,4,4,4,3,3,3,3,3
4350,4,3,3,4,3,4,3,3,3,3,1
1030,4,2,2,1,4,4,3,3,3,3,4
3100,4,4,2,4,5,4,3,3,3,3,4
1455,4,3,2,3,3,4,3,3,2,3,4
2300,4,3,2,4,2,4,3,3,3,3,1
1350,4,4,2,3,6,4,3,3,3,3,2
760,4,4,3,3,3,4,3,3,3,3,1
1000,4,4,3,3,5,3,3,3,3,3,2
2839.5,4,4,3,4,7,4,3,3,3,3,3
4500,4,4,3,4,5,4,3,3,3,3,1
4200,4,4,3,4,4,4,3,3,3,3,1
9000,4,3,3,4,7,4,3,3,3,3,1
1296.7,4,3,2,3,2,2,2,3,3,3,1
1200,4,4,2,1,3,4,3,3,3,3,2
760,3,2,3,3,3,4,3,3,3,3,1
416.67,4,4,3,3,6,4,3,3,3,3,2
0,4,4,2,3,6,4,3,3,3,3,1
1300,4,4,3,4,4,3,3,3,3,3,1
2500,2,3,2,4,5,2,2,3,3,3,2
1900,4,4,2,3,4,4,3,3,3,3,2
1250,4,4,3,4,4,4,3,3,3,3,4
2733.3,3,4,2,3,4,4,3,3,3,3,1
1080,4,2,2,3,6,4,3,3,3,3,2
766.67,4,4,2,4,3,4,3,3,3,3,1
1031.7,4,4,2,2,4,4,3,3,3,3,1
4500,4,4,2,4,6,4,3,3,3,3,2
1520,4,3,3,3,5,4,3,3,3,3,3
7293.3,3,4,3,4,7,4,3,3,3,3,2
2200,4,2,2,2,3,4,3,3,2,3,4
1737.5,4,4,3,3,3,4,3,1,3,3,1
2350,3,3,3,4,2,4,3,3,3,3,2
1795,4,2,2,4,2,4,3,3,3,3,4
830,4,2,2,3,3,3,2,3,2,3,2
1757,4,1,2,4,2,1,1,1,1,1,1
6250,4,4,3,4,4,3,3,3,3,3,2
513.33,4,3,2,2,3,3,2,3,2,3,3
2116.7,4,4,3,3,4,3,3,3,3,3,2
1125,4,4,2,3,5,4,3,3,3,3,4
9500,3,4,3,4,5,4,3,3,3,3,4
3750,4,4,3,4,5,4,3,3,3,3,4
2000,4,4,3,3,5,4,3,3,3,3,3
3050,4,4,3,3,1,4,3,3,3,3,1
3166.7,4,4,3,4,5,3,3,3,3,3,2
675,4,4,3,3,6,4,3,3,3,3,2
2100,4,3,2,4,2,4,3,2,3,3,1
2800,4,4,3,4,6,4,3,3,3,3,2
1226.7,4,3,2,3,4,1,1,3,2,3,2
3700,4,4,3,4,6,4,3,3,3,3,4
1300,4,3,2,2,4,3,3,3,3,3,4
1440,4,4,2,2,4,4,3,3,3,3,4
4800,4,4,3,4,7,4,3,2,3,3,2
850,4,2,2,2,3,4,3,1,3,3,2
1125,4,2,2,3,2,4,3,1,2,3,4
833.33,4,4,2,4,5,4,3,2,3,3,2
2000,4,2,2,3,3,4,3,3,3,3,4
1500,4,4,3,3,3,4,3,3,3,3,3
2000,4,3,2,3,3,4,3,3,3,3,4
1092.5,4,2,2,3,3,4,3,3,3,3,4
1700,3,3,3,4,2,4,3,3,3,3,2
1875,4,3,2,4,6,4,3,3,3,3,3
4260,4,4,3,3,3,4,3,3,3,3,4
1850,4,4,3,4,4,4,3,3,3,3,1
3500,4,4,2,4,3,4,3,3,3,3,4
1187.5,4,2,2,4,3,4,3,2,3,3,4
2600,4,2,2,3,4,2,3,3,2,3,4
600,4,3,3,3,3,4,3,3,3,3,1
1492.9,4,1,2,1,3,2,2,3,2,3,1
4000,4,4,3,4,7,4,3,3,3,3,2
1162.5,4,3,3,3,3,4,3,3,3,3,1
2800,4,4,2,4,5,4,3,3,3,3,1
1125,4,4,3,3,7,4,3,3,3,3,3
2213.3,4,4,3,4,5,3,3,3,3,3,2
3000,4,4,3,4,3,4,3,3,3,3,1
1854.4,4,4,2,3,4,4,3,3,3,3,4
1760,4,4,2,3,5,4,3,3,3,3,1
687.5,3,4,2,3,3,3,2,3,3,3,3
2175,4,4,3,4,3,3,3,3,3,3,1
1420,4,2,2,2,4,2,3,3,3,3,3
3750,4,4,2,4,5,4,3,3,3,3,1
112.5,4,2,2,1,4,4,3,3,3,3,3
1205,4,2,2,3,3,2,2,3,2,3,1
4900,4,4,3,4,7,4,3,3,3,3,4
1500,4,4,2,1,5,4,3,3,3,3,3
4000,3,3,2,4,3,2,3,3,3,3,1
1070,3,2,2,3,2,2,2,3,3,3,3
2500,3,4,3,4,5,4,3,3,3,3,2
1990,3,4,3,2,4,4,3,3,3,3,1
2050,4,4,3,3,3,3,3,3,3,3,4
1500,3,4,2,3,7,4,3,3,3,3,3
2450,4,4,3,4,3,4,3,3,3,3,2
3733.3,4,4,2,3,3,4,3,3,3,3,1
3334.7,4,4,3,4,5,4,3,3,3,3,2
2900,3,4,2,4,6,3,3,3,3,3,1
1660,4,4,3,3,5,4,3,3,3,3,2
3000,4,4,2,4,4,3,3,3,3,3,3
2400,4,2,2,4,4,4,3,3,3,3,3
4000,4,4,3,4,7,4,3,3,3,3,2
2500,4,3,2,4,3,4,3,3,3,3,1
2675,4,2,3,4,3,4,3,3,3,3,2
1750,4,4,3,3,3,4,3,3,3,3,2
2000,4,4,3,3,2,4,3,3,3,3,4
536,3,4,2,3,2,4,3,3,3,3,4
2500,4,3,2,4,3,2,2,3,2,3,4
6500,4,4,2,4,5,3,3,3,3,3,1
1833.3,4,2,2,2,5,4,3,3,3,3,4
3000,4,4,3,4,3,3,3,3,3,3,1
20000,4,4,3,4,7,4,3,3,3,3,3
2150,4,4,3,4,4,4,3,3,3,3,1
286.67,4,2,2,3,5,3,3,3,3,3,2
5900,4,4,3,4,3,4,3,3,3,3,4
2293.3,4,4,3,4,2,4,3,3,3,3,1
1200,4,4,2,4,4,3,3,3,3,3,1
7000,4,4,3,4,5,4,3,3,3,3,3
2166.7,4,4,2,3,6,4,3,3,3,3,4
1375,4,4,2,4,6,4,3,3,3,3,4
916.11,3,3,2,2,2,4,3,3,3,3,3
956.67,4,3,2,4,4,4,3,3,3,3,3
4150,4,4,3,4,3,4,3,3,3,3,1
2300,4,4,2,3,4,4,3,3,3,3,1
2500,4,4,2,4,5,4,3,3,3,3,3
5666.7,4,3,3,4,7,4,3,3,3,3,3
1380,4,4,3,2,5,4,3,3,3,3,3
3366.7,2,4,3,4,3,4,3,3,3,3,4
4125,4,3,3,3,7,4,3,3,3,3,2
1800,4,4,3,4,6,4,3,3,3,3,2
4800,4,4,2,4,5,4,3,3,3,3,3
1500,3,4,2,4,3,4,3,3,3,3,4
1500,4,4,2,4,7,4,3,3,3,3,2
1000,4,2,2,4,4,2,3,3,3,3,4
1300,4,4,2,3,5,3,3,3,3,3,3
922,4,4,2,3,3,4,3,3,3,3,4
1733.3,4,2,3,4,2,4,3,3,3,3,4
3333.3,4,4,3,4,5,4,3,3,3,3,1
9000,4,4,3,4,7,4,3,3,3,3,2
1266.7,4,3,2,3,1,4,3,3,3,3,3
1950,4,4,2,3,3,4,3,3,3,3,4
1050,3,4,2,4,3,4,3,1,3,3,4
3440,3,4,2,2,3,4,3,2,3,3,2
4400,4,4,3,3,6,4,3,3,3,3,1
1766.7,4,4,2,2,3,3,3,3,3,3,1
3400,4,4,3,4,7,4,3,3,3,3,3
3000,4,4,2,4,3,3,3,3,3,3,1
12500,3,4,3,4,6,4,3,3,3,3,4
1648,4,4,3,3,3,4,3,3,3,3,1
1525,4,4,2,4,5,3,3,3,3,3,2
1952,4,2,2,3,3,4,3,3,3,3,3
1300,3,4,2,3,5,4,3,3,3,3,4
1000,4,4,3,4,3,4,3,3,3,3,1
2900,4,4,3,4,5,4,3,3,3,3,3
1625,4,4,3,4,5,4,3,3,3,3,3
4000,4,4,3,4,7,4,3,3,3,3,1
3200,4,4,3,4,5,4,3,1,2,3,3
2700,4,4,3,4,3,4,3,3,3,3,2
3400,4,4,3,4,3,4,3,3,3,3,1
1900,4,4,3,3,7,4,3,3,3,3,3
792,4,2,2,3,1,3,3,3,3,3,1
2450,4,4,3,4,4,4,3,3,3,3,4
7000,4,4,3,4,7,4,3,3,3,3,1
5750,4,4,3,4,3,4,3,3,3,3,1
966.67,4,3,2,2,3,4,3,3,3,3,2
2425,3,4,2,4,7,4,3,3,3,3,2
2766.7,4,2,2,3,5,4,3,3,3,3,3
3600,3,4,3,4,5,4,3,3,3,3,1
17000,4,4,3,4,7,4,3,3,3,3,3
675,4,2,2,3,5,2,2,3,2,3,2
1450,4,4,3,3,6,4,3,3,3,3,2
5500,4,4,3,4,7,4,3,3,3,3,3
2200,4,3,2,1,3,4,3,1,3,3,4
1732,4,4,3,2,3,4,3,3,3,3,1
2900,4,2,2,4,3,4,3,3,3,3,1
1025,3,3,2,3,4,2,2,3,2,3,4
2500,4,4,3,4,2,3,3,3,3,3,1
1345,4,4,2,3,3,4,3,3,3,3,1
2866.7,4,4,2,4,5,4,3,3,3,3,4
7000,4,4,3,4,7,4,3,3,3,3,3
2590,4,4,3,4,5,4,3,3,3,3,2
8000,4,4,3,4,6,4,3,3,3,3,3
1000,4,4,2,4,3,4,2,3,1,3,2
1500,4,3,3,4,3,4,3,3,3,3,1
978.18,4,4,3,3,3,2,3,3,3,3,4
1200,3,3,2,3,3,4,3,3,3,3,4
830,4,3,2,3,4,4,3,3,2,3,2
1166.7,4,4,2,2,3,4,2,3,3,3,3
1130,4,2,2,1,3,4,3,3,3,3,4
1275,3,2,2,1,4,1,1,3,2,3,2
1666.7,4,3,3,4,5,4,3,3,3,3,1
1066.7,4,4,3,4,4,4,3,3,3,3,1
1150,3,4,2,3,3,4,3,3,3,3,2
3000,4,4,2,4,6,4,3,3,3,3,3
580,4,2,2,3,3,3,3,3,3,3,2
2300,4,4,2,3,3,4,3,3,3,3,4
4644,3,4,3,4,3,4,3,3,3,3,1
1065,3,3,2,2,3,4,3,3,3,3,1
3600,3,4,2,4,5,4,3,3,3,3,3
933.33,4,4,2,2,5,4,3,3,3,3,4
1200,2,3,3,3,4,4,3,3,3,3,2
720,4,3,3,3,6,4,3,3,3,3,2
1310,4,2,2,3,5,2,3,3,2,3,3
800,4,4,3,2,4,4,3,3,3,3,4
3000,4,4,2,4,3,4,3,3,3,3,1
1333.3,4,4,2,4,7,4,3,3,3,3,2
6430,3,4,3,4,7,3,3,3,3,3,2
2600,4,4,2,4,4,3,3,3,3,3,4
4000,4,4,3,4,7,4,3,3,3,3,2
1500,4,4,2,3,3,4,3,3,3,3,3
640,4,4,2,2,3,4,2,3,2,3,1
2550,3,4,3,3,5,4,3,3,3,3,3
1200,4,4,3,1,2,4,3,3,3,3,1
2075,3,2,2,3,3,2,2,3,2,3,3
1380,4,3,2,3,4,4,3,3,3,3,4
770,2,3,2,2,3,3,3,3,3,3,1
1622.3,4,3,3,3,3,2,3,3,3,3,3
2750,4,2,3,3,3,4,3,3,3,3,3
2680,4,2,2,1,4,2,2,2,2,3,2
3600,4,4,3,4,7,4,3,3,3,3,4
4500,3,4,3,4,5,4,3,3,3,3,3
1733.3,4,4,3,3,5,4,3,3,3,3,3
1137.5,3,1,2,1,2,1,1,3,3,3,2
2875,4,4,3,4,7,4,3,3,3,3,2
1450,4,2,2,2,6,3,3,3,3,3,2
1475,4,2,2,3,4,4,3,3,3,3,4
850,2,2,2,3,6,4,3,3,2,3,1
2000,4,2,3,4,7,2,2,3,3,3,4
400,2,3,3,2,4,4,3,3,3,3,1
1333.3,4,4,2,4,3,4,3,3,3,3,3
2400,4,4,3,3,6,3,3,3,3,3,2
1666.7,4,4,3,3,5,4,3,3,3,3,2
2400,4,4,3,4,5,4,3,3,3,3,2
857.5,3,4,2,3,4,4,3,3,3,3,4
5000,4,4,3,4,5,4,3,3,3,3,1
7000,4,4,3,4,6,4,3,3,3,3,4
1200,4,3,2,4,2,4,2,3,2,3,2
600,4,4,2,3,3,4,2,3,2,3,1
3650,4,3,3,4,7,4,3,3,3,3,1
487.5,4,3,2,1,3,4,3,3,3,3,3
1893.3,3,4,3,4,5,4,3,3,3,3,4
3310,4,4,3,4,5,4,3,3,3,3,3
2007.1,4,2,2,3,4,4,3,3,3,3,1
650,3,4,3,3,3,3,3,3,3,3,1
3000,4,4,3,3,7,4,3,3,3,3,2
5000,4,4,3,4,2,4,3,2,3,3,1
590.91,4,2,3,1,7,4,3,3,3,3,2
657.14,4,2,2,2,3,4,3,3,3,3,1
1900,4,4,2,4,6,4,3,3,3,3,2
2000,4,4,3,4,5,4,3,3,3,3,1
966.67,4,4,2,3,5,3,3,3,3,3,2
1640,4,4,3,3,5,4,3,3,3,3,4
3133.3,4,4,3,3,7,4,3,3,3,3,4
2960,4,3,2,2,5,4,3,3,3,3,4
700,3,4,2,3,3,3,3,3,3,3,2
1381.3,4,3,2,4,3,4,3,3,3,3,2
1916.7,4,4,2,3,7,3,3,3,3,3,2
4250,4,4,2,4,5,4,3,3,3,3,2
1560,4,2,3,2,3,4,3,3,3,3,1
1425,4,4,2,3,4,4,3,3,3,3,2
2500,4,3,3,3,3,4,3,3,3,3,2
2700,4,4,2,3,3,3,3,3,3,3,1
1200,4,3,2,4,5,3,3,3,3,3,1
4000,4,4,2,4,6,4,3,3,3,3,1
1700,3,2,2,3,4,2,2,3,3,3,2
1250,4,4,3,3,5,4,3,3,3,3,1
1000,2,4,3,3,4,4,3,3,3,3,4
1290,4,1,2,2,2,2,2,3,2,3,3
3140,3,4,2,4,4,4,3,3,3,3,3
2666.7,4,4,3,4,7,4,3,3,3,3,4
3666.7,4,4,2,4,3,4,3,3,3,3,4
1032,2,4,3,4,3,4,3,3,3,3,2
3375,4,4,3,4,6,4,3,3,3,3,1
469.2,4,3,2,1,3,4,3,3,3,3,3
1450,4,4,3,3,6,4,3,3,3,3,4
842.86,3,3,2,1,3,4,3,3,3,3,2
620,3,4,2,3,2,1,1,3,3,3,4
2600,4,4,3,4,5,3,3,3,3,3,2
2000,4,4,3,3,5,4,3,3,3,3,4
862.5,4,4,2,2,5,4,3,3,3,3,4
5250,4,4,3,4,7,4,3,3,3,3,3
2350,4,4,2,4,3,4,3,3,3,3,2
2000,4,4,3,3,5,4,3,3,3,3,4
875,3,4,2,4,4,3,3,3,3,3,2
5750,4,4,3,4,5,3,3,3,3,3,2
2166.7,4,4,2,4,7,4,3,3,3,3,2
1250,4,4,3,4,4,4,3,3,3,3,4
8000,4,4,3,4,6,4,3,3,3,3,3
2200,4,4,2,4,3,3,3,3,3,3,1
15000,4,4,3,4,7,4,3,3,3,3,4
857.14,4,2,2,2,4,4,3,3,3,3,4
1850,4,4,3,3,7,4,3,3,3,3,4
1742.9,4,3,3,3,7,4,3,3,3,3,3
11000,4,4,3,4,7,4,3,3,3,3,4
2150,4,4,3,4,5,4,3,3,3,3,1
1633.3,4,4,3,3,5,4,3,3,3,3,4
5000,4,4,3,4,7,4,3,3,3,3,1
1620,3,4,2,3,5,3,3,3,3,3,2
1500,4,4,3,4,6,4,3,3,3,3,1
2066.7,4,3,2,4,2,4,3,3,3,3,3
4000,4,3,3,4,7,4,3,3,3,3,2
1146.7,4,4,2,2,5,4,3,3,3,3,3
3500,4,4,3,4,5,4,3,3,3,3,4
1500,4,2,2,3,3,4,3,3,3,3,1
1362.5,4,3,2,3,4,4,3,3,3,3,3
1350,4,4,3,3,5,3,3,3,3,3,2
4500,4,4,3,4,7,4,3,3,3,3,1
2300,4,4,2,3,4,3,3,3,3,3,3
0,4,4,3,4,3,4,3,3,3,3,1
587.5,2,4,3,3,3,4,3,3,3,3,1
5000,4,4,3,4,7,4,3,3,3,3,3
1216.7,4,3,2,2,3,1,1,3,2,3,3
2400,4,3,3,4,5,4,3,3,3,3,2
5000,4,4,3,4,7,4,3,3,3,3,3
1750,4,4,3,4,6,4,3,3,3,3,1
1571.3,4,4,3,3,4,4,3,3,3,3,4
2900,4,4,3,3,5,4,3,3,3,3,2
960,4,2,2,4,5,4,3,3,3,3,1
186.67,4,2,2,2,5,4,3,3,2,3,4
4862.5,4,4,2,3,3,4,3,3,3,3,2
2176.7,4,4,2,3,3,4,3,3,3,3,4
1600,3,4,3,4,3,3,3,3,3,3,1
16000,4,4,3,4,7,4,3,3,3,3,1
511.67,4,3,2,2,3,1,1,3,2,3,2
0,4,3,1,4,3,2,2,3,2,3,4
323.2,4,2,2,1,5,3,2,3,2,3,3
2250,4,2,2,4,3,3,3,3,3,3,1
2750,4,3,3,4,5,4,3,3,3,3,3
2900,4,4,2,4,5,4,3,3,3,3,1
4300,4,4,2,4,2,4,3,3,3,3,1
1500,4,2,2,4,3,2,2,3,3,3,1
1900,4,4,2,4,5,4,3,3,3,3,1
592,4,3,2,1,5,3,3,3,3,3,4
1120,4,3,2,3,3,4,3,3,3,3,2
2800,4,4,3,3,3,4,3,3,3,3,4
3940,4,4,3,4,7,4,3,3,3,3,3
990,2,3,2,4,3,2,2,3,3,3,2
1350,3,2,2,3,3,2,2,3,3,3,2
4116.7,4,4,3,4,7,4,3,3,3,3,2
7500,4,4,3,4,7,4,3,3,3,3,2
1112.5,4,2,2,3,3,4,3,3,3,3,4
2533.3,4,4,3,4,3,4,3,3,3,3,1
900,4,3,2,3,3,4,3,3,3,3,4
276.67,4,4,3,2,2,4,3,3,3,3,2
3333.3,3,4,3,4,7,4,3,3,3,3,1
1225,4,4,2,3,3,4,3,3,3,3,2
1240,4,4,3,4,1,4,3,3,3,3,1
720,4,2,2,4,4,4,3,3,2,3,4
2000,4,3,2,3,6,4,3,3,3,3,4
4800,4,4,3,4,6,4,3,3,3,3,2
2275,4,4,2,4,7,4,3,3,3,3,2
460,3,2,2,1,1,4,3,2,2,3,1
622,4,4,2,3,3,4,3,3,3,3,1
4650,3,4,3,3,7,4,3,3,3,3,2
1900,4,2,2,3,5,4,3,3,3,3,4
3500,4,4,3,3,7,4,3,3,3,3,3
3833.3,4,4,3,3,7,4,3,3,3,3,3
812.5,4,4,3,3,5,4,3,3,3,3,4
4666.7,4,4,2,4,4,4,3,3,3,3,1
1133.3,4,4,3,4,6,4,3,3,3,3,1
4112.5,3,3,2,3,2,4,3,3,3,3,4
925,4,4,3,4,5,4,3,3,3,3,4
2025,4,4,3,4,5,4,3,3,3,3,4
2750,4,4,3,4,5,4,3,3,3,3,1
2700,4,4,3,4,4,4,3,3,3,3,1
2133.3,3,3,2,3,2,3,3,3,2,3,2
2166.7,3,4,3,3,3,4,3,3,3,3,4
3000,4,4,3,4,7,4,3,3,3,3,1
2800,3,3,2,4,2,4,3,3,3,3,3
2500,4,4,2,3,7,4,3,3,3,3,4
2500,4,4,3,4,7,4,3,3,3,3,1
2100,4,2,2,4,2,4,3,3,3,3,3
1933.3,4,4,2,4,3,3,3,3,3,3,1
706.67,4,2,3,2,4,4,3,3,3,3,4
2800,4,3,3,4,5,4,3,3,3,3,4
1900,4,2,3,3,3,4,3,3,3,3,4
900,4,3,2,2,5,3,2,3,2,3,4
2566.7,4,4,3,4,6,4,3,3,3,3,2
463.33,4,2,2,3,2,4,3,3,3,3,1
900,4,3,2,2,4,3,3,3,3,3,1
2850,4,4,2,4,3,4,3,3,3,3,1
1933.3,4,4,3,4,6,4,3,3,3,3,4
7066.7,4,4,3,3,5,4,3,3,3,3,3
635.56,4,4,3,2,6,4,3,3,3,3,1
7240,4,4,3,3,5,4,3,3,3,3,1
1000,4,2,2,1,4,3,2,3,3,3,2
2880,4,4,3,3,2,4,3,3,3,3,2
4725,4,4,3,3,5,4,3,3,3,3,1
900,4,2,2,3,4,2,2,3,2,3,3
2028.6,4,4,2,3,4,4,3,3,3,3,4
1600,4,2,3,3,5,2,3,3,3,3,3
888,4,1,2,2,3,4,3,3,2,3,1
733.33,4,4,2,4,2,3,3,3,3,3,1
2400,4,3,3,4,3,4,3,3,3,3,1
3400,4,4,3,4,5,4,3,3,3,3,2
3000,4,4,2,2,6,3,3,3,3,3,2
800,4,4,3,3,5,4,3,3,3,3,1
2700,4,2,2,3,5,2,2,3,2,3,4
1800,4,2,3,4,2,4,3,3,3,3,1
900,4,4,2,3,4,4,3,3,3,3,2
1556.7,4,2,3,4,4,2,3,3,2,3,2
860,4,2,3,3,2,4,3,3,3,3,2
6700,4,4,3,3,7,4,3,3,3,3,3
2000,4,1,2,4,6,1,1,1,2,3,4
1450,4,2,2,4,3,2,3,3,3,3,3
4700,3,4,3,4,4,4,3,3,3,3,2
600,2,3,3,3,2,4,3,3,3,3,1
900,4,4,2,3,5,4,3,3,3,3,4
1245,4,4,3,3,5,3,2,3,3,3,1
850,4,4,2,3,4,4,3,3,3,3,2
900,4,4,2,4,4,4,3,3,3,3,4
3333.3,3,4,2,3,3,3,3,3,3,3,4
685,4,3,3,3,3,4,3,3,3,3,1
1155.7,4,2,2,2,2,1,1,3,2,3,2
595.71,3,4,2,2,2,4,3,3,3,3,2
4800,4,4,3,4,7,4,3,3,3,3,4
925.71,2,3,2,1,2,3,2,3,3,3,4
1500,4,4,3,4,5,4,3,3,3,3,2
6750,4,3,3,4,4,4,3,3,3,3,4
3900,4,4,3,4,7,4,3,3,3,3,1
6533.3,4,3,3,4,7,4,3,3,3,3,2
3650,4,4,3,4,4,4,3,3,3,3,2
2305,4,3,3,3,4,4,3,3,3,3,2
1088.3,4,1,2,2,4,4,3,3,3,3,2
8266.7,4,4,2,4,5,4,3,3,3,3,3
1100,4,4,3,4,4,4,3,3,3,3,1
2000,4,3,3,4,5,4,3,3,3,3,4
1766.7,4,4,3,3,6,4,3,3,3,3,4
3000,4,4,3,4,5,4,3,3,3,3,4
2166.7,4,3,2,4,3,4,3,3,3,3,1
2000,3,3,3,3,6,4,3,3,3,3,2
1766.7,4,4,2,4,5,3,2,3,3,3,2
3500,3,4,2,3,6,4,3,3,3,3,4
2000,4,2,2,4,5,4,3,3,3,3,2
3250,3,4,3,4,7,4,3,3,3,3,2
1308,4,3,3,3,6,4,3,3,3,3,3
3275,4,4,3,3,7,4,3,3,3,3,2
1242.9,3,1,2,2,2,3,2,3,2,3,4
1825,2,4,3,4,6,4,3,3,3,3,4
2766.7,4,2,2,3,3,2,2,3,3,3,2
2800,4,2,2,4,4,3,3,3,3,3,1
875,4,3,3,4,3,4,3,3,3,3,4
6350,4,4,3,4,4,4,3,3,3,3,1
4000,4,4,3,4,6,4,3,3,3,3,1
844,4,3,2,1,3,3,2,3,2,3,1
1187.5,4,2,2,1,2,1,1,1,3,3,4
1983.3,3,4,3,4,2,4,3,3,3,3,1
1200,4,4,2,3,3,4,3,3,3,3,4
2866.7,4,4,2,4,2,2,2,3,3,3,4
1200,4,2,2,1,5,2,2,3,2,3,3
1866.7,4,4,2,4,5,3,3,3,3,3,4
2200,4,4,3,3,4,4,3,3,3,3,4
1400,4,4,3,3,4,4,3,3,3,3,1
800,4,2,2,2,7,4,3,3,3,3,2
2834,4,4,3,3,2,4,3,3,3,3,1
2200,4,4,3,4,3,4,3,3,3,3,1
2156.7,4,4,3,4,7,4,3,3,3,3,2
3250,4,4,3,4,7,4,3,3,3,3,4
2452.5,3,4,3,4,4,4,3,3,3,3,2
1400,4,3,3,4,5,4,3,3,3,3,1
3900,4,4,2,3,7,4,3,3,3,3,1
5000,4,4,3,4,6,4,3,3,3,3,4
2160,4,4,3,4,5,4,3,3,3,3,4
671.43,4,3,3,2,4,4,3,3,3,3,2
860,4,4,3,3,5,4,3,3,3,3,1
1142.9,3,3,2,1,2,4,3,1,3,3,2
5500,4,4,3,4,3,4,3,3,3,3,1
3900,4,4,3,3,3,4,3,3,3,3,3
3862.5,4,4,3,4,5,4,3,3,3,3,3
5900,3,4,2,4,7,4,3,3,3,3,2
1600,4,4,3,4,5,4,3,3,3,3,1
2100,4,4,2,4,3,4,3,3,3,3,1
367.5,4,4,3,3,4,4,3,3,3,3,3
1650,4,2,2,4,3,4,3,3,3,3,4
2000,3,4,2,3,4,3,2,3,2,3,4
1866.7,4,4,3,3,2,3,3,3,3,3,1
3738,4,4,2,4,2,4,3,3,3,3,1
1000,4,2,2,4,1,3,3,3,3,3,1
596,4,3,2,1,1,1,1,3,2,3,1
2650,4,4,3,4,7,4,3,3,3,3,2
1085,3,4,3,4,3,4,3,3,3,3,1
5833.3,4,4,3,4,7,4,3,3,3,3,3
3250,4,3,1,3,3,4,3,3,3,3,4
1400,4,4,3,4,3,4,3,3,3,3,4
10000,4,4,3,4,5,4,3,3,3,3,1
400,4,4,2,3,4,4,3,3,3,3,2
1740,4,4,2,3,3,3,3,3,3,3,1
900,4,4,2,3,5,4,3,3,3,3,1
2356,4,4,3,3,5,3,3,3,3,3,4
1066.7,4,3,3,3,2,4,3,3,3,3,1
3500,4,4,3,4,6,4,3,3,3,3,4
1625,4,4,2,3,3,4,3,3,3,3,2
1875,3,2,2,3,5,2,3,3,3,3,4
1883.3,4,4,3,4,5,4,3,3,3,3,3
37000,3,4,3,4,7,4,3,3,3,3,4
1750,4,4,3,3,5,4,3,3,3,3,4
1200,4,4,2,3,6,4,3,3,3,3,1
1166.7,4,4,3,4,6,4,3,3,3,3,1
1833.3,3,4,2,2,6,3,3,3,3,3,3
476.67,4,2,3,1,4,2,2,2,2,3,1
3050,4,4,3,4,5,4,3,3,3,3,1
3200,3,4,3,3,6,4,3,3,3,3,2
1588.9,4,4,3,2,5,4,3,3,3,3,2
675,2,1,2,1,5,1,1,1,2,3,3
677.14,4,3,2,1,2,3,2,3,2,3,4
405,4,4,2,3,6,3,3,3,3,3,1
636.67,4,3,3,1,4,3,2,3,2,3,4
1025,4,3,2,3,5,4,2,3,3,3,4
1400,4,3,2,1,4,4,3,3,3,3,4
3000,4,4,3,3,7,4,3,3,3,3,2
3000,4,4,2,4,6,4,3,3,3,3,2
2500,4,4,2,4,7,4,3,3,3,3,3
12000,4,4,3,4,7,4,3,3,3,3,3
2650,4,4,3,4,5,4,3,3,3,3,1
243.33,4,3,2,2,4,1,1,1,2,3,1
1320,3,4,2,3,5,4,3,3,3,3,4
2316.7,4,3,3,3,3,4,3,3,3,3,1
620,4,2,2,1,2,1,1,1,2,3,2
3500,4,4,3,4,4,4,3,3,3,3,2
750,4,4,3,4,6,4,3,3,3,3,1
4685,4,4,3,3,7,4,3,3,3,3,1
4450,4,4,3,4,6,4,3,3,3,3,1
286.67,4,4,3,4,6,4,3,3,3,3,4
1070,3,2,2,2,2,2,2,3,2,3,3
1890,3,2,2,3,4,3,3,3,3,3,3
1481.4,4,2,2,3,3,4,3,3,3,3,2
1000,4,3,2,4,6,4,3,1,2,3,1
10000,4,4,3,4,7,4,3,3,3,3,1
1850,2,4,3,4,3,4,3,3,3,3,1
3000,4,2,3,4,4,4,3,3,3,3,1
1940,3,2,2,1,6,3,2,3,3,3,1
4050,4,4,3,4,4,4,3,3,3,3,2
5000,4,4,3,4,3,4,3,3,3,3,1
793.33,4,3,3,3,4,4,3,3,3,3,4
2366.7,4,3,2,3,2,4,3,3,3,3,1
10000,4,4,3,4,7,4,3,3,3,3,1
2017.5,4,2,3,3,2,4,3,1,3,3,1
1487.5,4,4,3,3,5,4,3,3,3,3,4
2375,4,4,3,3,4,4,3,3,3,3,1
2342.5,4,2,2,3,7,4,3,3,3,3,2
4066.7,4,4,3,4,7,4,3,3,3,3,2
4666.7,4,4,3,4,7,4,3,3,3,3,4
1071.4,4,4,2,3,5,3,3,3,3,3,4
7000,4,4,3,4,3,4,3,3,3,3,1
1250,4,4,3,4,6,4,3,3,3,3,1
2620,4,4,3,3,7,4,3,3,3,3,4
0,4,2,3,4,2,4,3,3,2,3,1
3266.7,4,4,3,4,7,4,3,3,3,3,2
1533.3,4,3,2,4,2,4,3,3,3,3,1
4800,4,4,3,4,5,4,3,3,3,3,4
856,4,3,2,1,2,3,2,3,2,3,4
3300,3,4,2,4,3,4,3,3,3,3,1
1600,4,4,3,3,6,4,3,3,3,3,4
542.86,4,3,2,1,3,4,3,3,3,3,2
623.33,4,4,2,4,3,3,3,3,3,3,1
400,4,4,3,4,7,4,3,3,3,3,2
3833.3,4,4,2,4,4,3,3,3,3,3,3
7000,4,4,3,4,7,4,3,3,3,3,2
2200,4,4,2,4,5,4,3,3,3,3,2
2050,4,3,2,4,7,3,3,3,3,3,4
2200,3,4,3,4,7,4,3,3,3,3,1
1456.7,4,4,3,3,5,4,3,3,3,3,3
750,4,4,3,4,6,4,3,3,3,3,1
967.5,4,4,2,4,7,4,3,3,3,3,1
4000,4,4,3,4,5,4,3,3,3,3,1
1450,4,4,3,4,5,4,3,3,3,3,1
900,4,2,2,4,3,4,3,3,3,3,2
11800,4,1,2,4,5,4,3,3,3,3,1
666.67,4,3,2,4,2,4,3,3,3,3,3
600,2,3,2,3,3,2,2,3,3,3,1
1833.3,4,4,2,4,6,4,3,3,3,3,1
4500,4,4,2,3,6,4,3,3,3,3,4
2600,3,4,3,4,7,4,3,3,3,3,4
3000,4,3,2,4,4,3,3,3,3,3,1
833.33,4,2,3,3,5,3,3,3,3,3,4
1560,4,4,3,4,5,4,3,3,3,3,1
3600,4,4,3,4,7,4,3,3,3,3,2
1966.7,4,4,3,3,3,4,3,3,3,3,1
8000,3,4,2,4,7,3,3,3,3,3,2
3200,4,2,3,4,2,4,3,3,3,3,2
428.57,4,2,2,2,5,4,3,3,3,3,2
700,3,1,3,1,2,4,3,3,2,3,2
1540,4,4,2,2,4,4,3,3,3,3,4
1633.3,4,2,3,3,4,4,3,3,3,3,4
265.71,4,3,3,2,3,4,3,3,3,3,2
920,3,3,2,2,3,3,2,3,2,3,2
4200,4,4,3,3,5,3,3,3,3,3,4
3333.3,4,4,3,3,7,4,3,3,3,3,4
1000,4,4,3,4,6,4,3,3,3,3,1
2133.3,4,4,3,4,4,4,3,3,3,3,3
3375,2,2,3,4,4,4,3,1,2,3,2
2400,4,4,2,3,4,4,3,3,3,3,1
460,4,2,2,1,3,2,2,3,3,3,2
560,3,2,1,1,3,1,1,1,3,3,4
2900,3,4,3,4,2,4,3,3,3,3,1
3940,4,4,3,3,7,4,3,3,3,3,2
2500,4,4,2,3,3,3,3,3,3,3,2
142.86,3,2,2,1,4,1,1,1,3,3,2
1957.1,3,4,3,4,2,3,3,3,3,3,1
3050,4,2,2,4,7,2,3,3,2,3,2
1500.4,4,2,2,3,3,3,3,3,3,3,2
1000,4,4,3,4,4,4,3,3,3,3,1
491.43,3,4,2,2,3,4,3,3,3,3,4
583.33,4,2,2,3,5,2,2,3,3,3,2
6350,4,4,3,4,7,4,3,3,3,3,1
825,4,2,2,3,1,4,3,3,3,3,3
823.33,4,2,2,3,5,4,3,3,3,3,2
2800,3,4,3,4,7,4,3,3,3,3,1
514.29,3,2,2,1,3,4,3,3,2,3,2
1466.7,4,4,2,3,4,4,3,3,3,3,1
1390,3,4,3,4,3,4,3,3,3,3,1
1100,3,4,3,4,5,3,3,3,3,3,2
1485,4,4,3,3,3,4,3,3,3,3,2
500,4,3,2,3,5,4,3,3,3,3,4
1723.3,4,4,3,3,3,4,3,3,3,3,1
1466.7,4,4,3,4,3,4,3,3,3,3,2
2200,4,4,3,4,6,4,3,3,3,3,2
2600,3,4,3,4,3,3,3,3,3,3,1
1425,4,3,2,3,4,4,3,3,2,3,4
2185,4,2,2,3,3,2,3,3,3,3,1
866.67,4,3,2,3,2,2,3,3,3,3,1
2500,4,4,2,4,6,4,3,3,3,3,1
4000,4,4,3,4,6,4,3,3,3,3,1
400,4,4,2,4,4,4,3,3,3,3,1
730,4,4,2,2,4,4,3,3,3,3,4
3288.7,2,4,2,3,7,4,3,3,3,3,2
1800,3,3,2,4,3,4,3,3,3,3,2
2000,3,4,3,3,5,4,3,3,3,3,3
1166.7,2,4,3,4,4,4,3,3,3,3,4
4000,3,4,2,4,6,4,3,3,3,3,1
1700,4,4,2,4,5,4,3,3,3,3,3
1500,4,2,2,3,2,4,3,3,3,3,2
2000,4,2,2,4,4,3,3,3,3,3,1
1466.7,4,4,3,3,3,4,3,3,3,3,4
8300,4,4,2,4,7,4,3,3,3,3,1
1266.7,3,4,2,4,7,4,3,3,3,3,3
3850,3,4,3,4,7,4,3,3,3,3,2
2000,4,4,3,3,4,3,3,3,3,3,4
700,4,4,3,3,4,4,3,3,3,3,4
3100,4,3,3,4,1,4,3,3,3,3,1
950,4,4,3,3,3,4,3,3,3,3,1
5600,3,4,3,4,5,4,3,3,3,3,1
398.57,3,3,2,1,3,2,2,3,2,3,1
3200,4,4,2,4,5,4,3,3,3,3,4
1134.2,4,2,3,2,4,4,3,3,3,3,2
2500,4,4,3,4,5,4,3,3,3,3,3
1400,4,3,3,3,3,4,3,3,3,3,1
2625,4,4,3,3,7,4,3,3,3,3,4
442.86,3,4,2,1,2,4,3,3,3,3,2
12500,4,4,3,4,5,4,3,3,3,3,1
1933.3,4,4,2,3,6,4,3,3,3,3,2
1500,3,4,3,4,7,4,3,3,3,3,1
4333.3,4,4,3,4,2,4,3,3,3,3,1
1266.7,4,2,3,4,4,4,3,3,3,3,2
1775,4,3,2,3,4,4,3,3,3,3,3
8500,4,4,3,4,5,4,3,3,3,3,3
3250,4,3,3,4,7,4,3,3,3,3,3
3250,4,3,2,3,5,4,3,3,3,3,3
8950,4,3,3,4,7,4,3,3,3,3,2
2450,4,4,3,4,3,3,3,3,3,3,1
947.5,4,4,3,3,3,4,3,3,3,3,4
4000,4,4,3,4,2,3,3,3,3,3,1
400,4,4,3,3,2,3,3,3,3,3,1
2800,2,3,3,4,3,4,3,3,3,3,2
378.57,3,4,3,3,4,3,3,3,3,3,1
1633.3,3,4,3,3,2,3,3,3,3,3,1
3400,4,4,3,4,7,4,3,3,3,3,1
3450,4,4,3,4,5,4,3,3,3,3,1
2300,4,3,3,4,6,4,3,3,3,3,2
3350,3,4,2,4,6,4,3,3,3,3,2
3733.3,4,4,3,4,7,4,3,3,3,3,2
325,3,3,3,4,3,4,3,3,3,3,1
375,4,3,2,3,4,4,3,3,3,3,2
1660,4,4,2,3,3,3,3,3,3,3,1
2100,4,4,3,3,3,4,3,3,3,3,1
2000,2,4,3,3,3,4,3,1,3,3,1
2100,4,4,2,4,6,4,3,2,3,3,2
2800,4,4,3,4,3,4,3,3,3,3,1
13250,3,4,3,4,7,4,3,3,3,3,3
1175,4,4,3,4,7,4,3,3,3,3,4
2950,4,4,3,4,4,4,3,3,3,3,1
1092,3,2,2,2,3,2,2,3,2,3,1
785.71,2,4,3,3,3,4,2,3,2,3,2
1240,4,4,2,3,3,4,3,3,3,3,1
775,4,2,2,3,6,3,3,3,2,2,1
748.89,4,4,2,2,3,4,3,3,3,3,4
2833.3,3,3,2,4,5,4,3,3,3,3,1
1333.3,4,4,2,2,4,4,3,3,3,3,4
2140,4,3,3,3,5,4,3,3,3,3,2
3600,4,4,3,4,5,4,3,3,3,3,1
2000,4,4,3,4,7,4,3,3,3,3,3
2550,4,4,3,4,2,4,3,3,3,3,1
1450,4,3,2,1,5,1,1,3,2,3,3
1804,4,4,3,3,5,4,3,3,3,3,4
903.33,4,2,2,3,2,2,3,3,2,3,3
383.33,4,3,2,1,4,4,2,3,2,3,4
848,4,4,3,3,5,4,3,3,3,3,1
750,4,4,3,3,4,4,3,3,3,3,4
483.33,4,2,2,3,3,2,3,3,2,3,4
1333.3,4,4,3,4,5,4,3,3,3,3,1
785.71,4,2,2,1,5,4,2,3,3,3,2
620,4,2,2,2,5,3,3,3,3,3,1
2100,4,2,2,4,3,4,2,3,2,3,3
1050,4,4,3,3,5,4,3,3,3,3,4
2750,4,4,3,4,4,4,3,3,3,3,1
1500,4,4,3,4,4,3,3,3,3,3,1
2000,4,4,3,4,3,4,3,3,3,3,3
966.67,4,2,3,3,4,4,3,3,3,3,2
920,4,4,2,2,3,3,2,3,3,3,2
1670,4,2,3,3,6,4,3,3,3,3,1
6300,4,4,2,4,5,3,3,3,3,3,4
3000,3,4,2,4,7,3,3,3,3,3,4
1533.3,4,4,2,3,5,4,3,3,3,3,4
7833.3,4,4,3,4,7,4,3,3,3,3,2
1333.3,4,2,3,4,5,4,3,3,3,3,1
353.33,4,3,2,3,3,2,3,3,3,3,1
1150,4,4,3,4,6,4,3,3,3,3,2
1285.7,4,4,2,1,3,3,3,3,3,3,4
525,4,2,2,3,4,3,3,3,3,3,1
1440,4,2,2,3,5,4,3,3,3,3,3
1000,3,4,2,4,5,4,3,3,3,3,4
656.67,4,4,2,3,6,4,3,3,3,3,4
335,3,3,2,3,3,1,1,3,3,3,2
870,4,3,2,2,4,3,2,3,2,3,4
5000,4,4,3,4,7,4,3,3,3,3,1
3850,4,2,2,4,3,3,2,3,2,3,2
2000,4,4,3,4,7,4,3,3,3,3,2
2400,4,4,3,4,2,4,3,1,3,3,1
5600,4,4,3,4,6,4,3,3,3,3,4
2050,4,3,2,3,2,4,3,3,3,3,1
1200,4,4,2,1,5,3,3,3,3,3,2
2858.3,4,4,3,3,4,4,3,3,3,3,1
2450,3,4,3,4,3,4,3,3,3,3,1
8333.3,4,4,3,4,7,4,3,3,3,3,4
1435.7,3,4,3,3,4,4,3,3,3,3,4
9000,4,4,2,4,7,4,3,1,3,3,2
1800,4,4,2,1,5,3,3,3,3,3,2
3100,4,4,3,3,7,4,3,3,3,3,4
1684,3,4,2,4,2,4,3,1,3,3,3
2000,4,4,2,4,5,4,3,2,3,3,3
2700,4,4,2,3,4,4,3,3,3,3,4
3666.7,2,4,3,3,5,4,3,3,3,3,3
3000,4,4,3,4,7,4,3,3,3,3,1
1563.3,4,2,2,2,3,4,2,3,2,3,2
2216.7,3,2,2,2,4,3,2,3,3,3,3
864.29,3,3,3,2,5,4,3,3,3,3,4
2416.7,3,3,2,3,5,4,3,3,3,3,3
2330,4,3,2,3,6,4,2,1,2,3,2
1680,4,2,3,4,6,4,3,3,3,3,3
1277.1,3,4,3,3,5,4,3,3,3,3,4
933.33,3,4,2,3,4,4,3,3,3,3,2
2160,4,4,3,3,4,4,3,3,3,3,1
1606.7,4,4,2,4,5,3,3,3,3,3,4
5500,4,4,3,4,7,4,3,3,3,3,3
440,3,1,1,4,3,2,2,3,3,3,2
3000,4,4,3,4,6,4,3,3,3,3,4
2750,3,4,2,3,4,4,3,1,2,3,2
2233.3,4,2,2,3,3,2,2,3,2,3,2
1450,4,4,2,4,5,4,3,3,3,3,1
10000,4,4,3,4,7,4,3,3,3,3,3
2733.3,4,3,2,4,3,4,3,3,3,3,3
1400,3,3,3,3,4,4,3,3,3,3,2
1050,2,3,3,1,5,3,3,3,3,3,4
1650,4,3,2,3,2,2,2,3,2,3,4
1500,4,4,3,4,6,4,3,3,3,3,1
1825,4,3,2,4,4,4,3,1,3,3,3
1800,4,4,3,4,4,3,3,3,3,3,1
1000,4,3,2,3,2,3,2,3,3,3,3
1150,4,4,3,4,7,4,3,3,3,3,1
6166.7,4,4,2,4,5,4,3,3,3,3,4
966.67,2,4,2,3,5,4,3,3,3,3,4
5500,4,4,3,4,5,4,3,3,3,3,1
2750,4,4,2,4,3,3,3,3,3,3,1
10000,3,4,3,4,5,3,3,3,3,3,4
1592,3,4,2,3,1,4,3,3,3,3,4
2000,4,4,3,3,5,4,3,3,3,3,4
3033.3,4,4,3,4,5,4,3,3,3,3,1
9766.7,4,4,3,4,7,4,3,3,3,3,4
1050,4,4,3,4,6,4,3,3,3,3,1
656.25,2,2,2,3,4,4,3,3,2,3,2
1000,4,4,2,3,6,4,3,3,3,3,1
1500,4,4,2,3,5,4,3,3,3,3,4
1143.8,4,3,2,1,3,3,2,3,2,3,2
2300,4,4,3,4,4,3,3,3,3,3,1
3150,4,4,3,4,7,4,3,3,3,3,2
1185,4,3,3,3,4,4,3,3,3,3,2
1116.7,3,4,3,3,5,4,3,3,3,3,4
900,4,4,2,4,5,4,3,3,3,3,1
2050,4,4,3,4,7,4,3,3,3,3,1
1250,4,4,3,3,7,4,3,3,3,3,2
4000,4,4,3,4,5,4,3,3,3,3,4
2683.3,4,4,3,2,6,4,3,3,3,3,2
1116,4,2,2,2,5,2,3,3,3,3,3
4000,4,2,2,4,2,4,3,3,3,3,4
1837.5,4,1,2,3,5,3,3,3,3,3,2
2100,4,4,3,4,3,3,3,3,3,3,1
2400,4,4,3,4,3,3,3,3,3,3,3
1440,3,2,2,3,2,4,3,3,3,3,1
825,4,3,2,3,3,4,3,3,3,3,4
1700,4,4,3,4,7,4,3,3,3,3,2
1500,4,4,3,4,6,4,3,3,3,3,1
1628.6,4,3,2,2,7,4,3,3,3,3,4
5000,4,4,3,4,3,4,3,3,3,3,1
3707.5,4,3,2,3,4,4,3,3,2,3,2
1383.8,4,2,2,1,3,3,2,3,2,3,4
2500,4,4,3,4,7,4,3,3,3,3,3
1460,4,3,2,3,4,1,1,1,2,3,2
4850,4,4,3,4,2,4,3,3,3,3,1
