1825,4,4,3,3,2,4,3,3,3,3,1
169.25,4,4,3,4,4,4,3,3,3,3,1
8250,3,3,3,3,4,4,3,3,3,3,3
3166.7,4,4,3,4,4,4,3,3,3,3,1
5666.7,3,4,3,4,4,4,3,3,3,3,4
0,4,4,3,4,5,4,3,3,3,3,1
0,4,4,3,4,2,4,3,1,3,3,1
1250,4,4,3,4,2,4,3,3,3,3,1
2750,4,4,3,4,3,4,3,3,3,3,2
2400,4,4,3,4,6,4,3,3,3,3,3
4320,4,3,3,4,4,4,3,3,3,3,4
3800,4,4,3,3,5,4,3,3,3,3,4
7500,4,4,3,4,4,4,3,3,3,3,1
3000,4,4,3,4,3,4,3,3,3,3,1
8000,4,4,3,4,7,4,3,3,3,3,1
6000,4,4,3,4,5,4,3,3,3,3,2
15000,4,4,3,4,7,4,3,3,3,3,4
2400,4,4,3,4,3,4,3,3,3,3,1
1000,4,4,3,2,3,1,3,3,3,3,3
1000,4,4,3,4,5,4,3,3,3,3,4
11333,4,4,3,4,5,4,3,3,3,3,1
8666.7,4,4,3,4,3,4,3,3,3,3,1
9000,4,4,3,4,5,4,3,3,3,3,3
5250,4,4,3,4,3,4,3,3,3,3,2
700,4,4,3,2,2,4,3,3,3,3,4
0,4,4,3,4,4,4,3,3,3,3,1
2666.7,4,2,3,3,5,4,3,3,3,3,1
891.43,4,2,3,2,3,4,3,3,3,3,1
3500,4,4,3,4,2,4,3,3,3,3,1
8000,4,4,3,4,2,4,3,3,3,3,4
5100,3,4,3,2,5,4,3,3,3,3,1
4800,4,4,3,4,2,4,3,3,3,3,1
6100,4,4,3,4,3,4,3,3,3,3,1
642.86,4,3,3,3,2,3,3,3,3,3,1
3000,4,4,2,4,2,3,3,3,3,3,4
2200,4,4,3,3,4,4,3,3,3,3,4
4020,4,4,3,3,3,4,3,3,3,3,1
5000,4,4,3,4,3,4,3,3,3,3,4
2600,4,4,3,4,3,4,3,3,3,3,1
9000,4,4,3,4,3,4,3,3,3,3,1
4000,4,4,3,4,5,4,3,3,3,3,1
2250,4,4,3,3,5,4,3,3,3,3,4
8000,4,4,3,4,4,4,3,3,3,3,2
15000,4,4,3,4,7,4,3,3,3,3,4
4250,4,4,3,4,3,4,3,3,3,3,1
7333.3,4,4,3,4,4,4,3,3,3,3,4
5000,4,4,3,4,6,4,3,3,3,3,4
2500,4,4,3,3,5,4,3,3,3,3,3
18000,4,4,3,4,4,4,3,3,3,3,2
3750,4,4,3,4,5,3,3,3,3,3,4
6333.3,4,4,3,3,5,4,3,3,3,3,4
9000,4,4,3,4,3,4,3,3,3,3,4
6200,4,4,3,3,4,4,3,3,3,3,4
5000,4,4,3,4,7,4,3,3,3,3,2
5400,4,4,3,4,7,4,3,3,3,3,2
5800,4,4,3,3,5,4,3,3,3,3,3
6000,4,4,3,4,3,4,3,3,3,3,1
11500,4,4,3,4,5,4,3,3,3,3,3
1700,4,4,3,4,1,4,3,1,3,3,1
600,4,4,3,3,3,4,3,3,3,3,1
3500,4,4,3,2,6,4,3,3,3,3,2
900,4,4,3,1,5,4,3,3,3,3,2
5750,4,4,3,4,7,4,3,3,3,3,3
3633.3,4,4,3,4,4,4,3,3,3,3,4
6000,4,4,3,4,5,4,3,3,3,3,4
1040,4,4,3,3,4,4,3,3,3,3,1
968.33,4,4,3,3,4,4,3,3,3,3,4
1623.3,4,2,3,4,2,4,3,3,3,3,3
3000,4,4,3,4,3,4,3,3,3,3,1
2100,4,4,3,4,1,4,3,3,3,3,1
5500,4,4,3,4,7,4,3,3,3,3,1
24000,4,4,3,4,5,4,3,3,3,3,3
4400,4,4,3,3,3,4,3,3,3,3,2
2000,4,4,3,4,4,4,3,3,3,3,3
1500,4,4,3,4,3,4,3,3,3,3,1
1125,4,4,3,3,7,4,3,3,3,3,2
6666.7,4,4,3,3,4,4,3,3,3,3,1
7666.7,4,4,3,4,7,4,3,3,3,3,4
12000,4,4,3,4,6,4,3,3,3,3,2
2400,4,4,3,4,3,4,3,3,3,3,1
6200,4,4,3,4,5,4,3,3,3,3,3
1800,4,4,3,3,3,3,3,3,3,3,3
6000,4,4,3,4,5,4,3,3,3,3,4
3600,4,4,3,3,3,4,3,3,3,3,3
3400,4,4,3,4,3,4,3,3,3,3,1
8666.7,4,4,3,3,7,4,3,3,3,3,3
3900,4,4,3,4,3,4,3,3,3,3,1
3500,4,4,3,3,7,4,3,3,3,3,4
6666.7,4,4,3,4,6,4,3,3,3,3,3
2700,4,4,3,4,4,4,3,3,3,3,2
6000,4,4,3,4,7,4,3,3,3,3,2
4900,4,4,3,4,5,4,3,3,3,3,1
600,4,4,3,2,3,4,3,3,3,3,4
2250,4,4,3,4,7,4,3,3,3,3,4
3266.7,4,4,3,4,4,4,3,3,3,3,4
4200,4,4,3,3,3,4,3,3,3,3,1
5000,4,4,3,4,5,4,3,3,3,3,1
4250,4,4,3,4,2,4,3,3,3,3,1
2440,4,4,3,3,5,4,3,3,3,3,4
2666.7,4,4,3,4,3,4,3,3,3,3,2
3433.3,4,4,3,2,5,4,3,3,3,3,3
1025,4,4,3,1,4,4,3,3,3,3,2
4333.3,4,4,3,4,7,4,3,3,3,3,3
1220,4,4,3,3,4,4,3,3,3,3,4
1080,4,4,3,1,4,4,3,2,3,3,4
9500,4,4,3,4,5,4,3,3,3,3,3
5766.7,4,4,3,2,5,4,3,3,3,3,4
3525,4,4,3,3,7,4,3,3,3,3,2
9000,4,4,3,4,7,3,3,3,3,3,2
3000,4,4,3,4,5,4,3,3,3,3,1
3170,4,4,3,4,2,4,3,3,3,3,1
1100,4,4,3,3,5,4,3,3,3,3,1
2500,4,4,3,4,2,4,3,3,3,3,2
2200,4,4,3,3,2,4,3,3,3,3,1
2500,4,4,3,4,2,4,3,3,3,3,1
3200,4,4,3,3,3,4,3,3,3,3,3
4500,3,4,3,4,3,4,3,3,3,3,1
5000,4,4,3,4,6,4,3,3,3,3,1
2800,4,4,3,3,5,4,3,3,3,3,1
7400,4,4,3,3,7,4,3,3,3,3,1
3400,4,4,3,4,3,3,3,3,3,3,1
7000,4,4,3,3,7,4,3,3,3,3,2
4250,4,4,3,3,5,4,3,3,3,3,4
4750,4,4,3,4,6,4,3,3,3,3,1
3250,4,4,3,4,3,4,3,3,3,3,2
2300,4,4,3,4,4,4,3,3,3,3,3
6650,4,4,3,4,7,4,3,3,3,3,2
5066.7,4,4,2,2,7,4,3,3,3,3,2
4000,4,4,3,4,7,4,3,3,3,3,1
1333.3,4,4,3,4,2,4,3,3,3,3,2
3250,4,4,3,3,5,4,3,3,3,3,2
3000,4,4,3,4,5,4,3,3,3,3,1
5800,4,4,3,4,7,4,3,3,3,3,4
1900,4,4,3,4,3,4,3,3,3,3,2
1620,3,4,3,4,7,4,3,3,3,3,3
2400,3,4,3,4,3,4,3,3,3,3,1
3100,4,4,3,4,4,4,3,3,3,3,2
1280,4,4,3,3,3,4,3,3,3,3,1
2800,4,4,3,2,7,4,3,3,3,3,3
2533.3,4,4,3,4,4,4,3,3,3,3,2
4200,4,4,3,4,5,4,3,3,3,3,1
13500,4,4,3,4,7,4,3,3,3,3,3
4000,4,4,3,4,2,4,3,3,3,3,1
1583.3,4,4,3,1,3,4,3,3,3,3,4
4466.7,4,4,3,3,4,4,3,3,3,3,1
4500,4,4,3,4,3,4,3,3,3,3,4
17500,4,4,3,4,5,4,3,3,3,3,4
1450,3,4,3,2,4,4,3,3,3,3,4
25000,4,4,3,4,7,4,3,3,3,3,4
4500,4,4,3,1,4,4,3,3,3,3,4
3466.7,4,4,3,3,4,4,3,3,3,3,2
1775,4,4,3,3,4,4,3,3,3,3,4
7500,4,4,3,4,7,4,3,3,3,3,2
3600,4,4,3,4,5,4,3,3,3,3,2
3000,4,4,3,3,3,4,3,3,3,3,4
2500,4,4,3,4,3,4,3,3,3,3,4
2200,4,3,3,4,2,4,3,3,3,3,1
6600,3,4,3,4,5,4,3,3,3,3,1
2415,4,4,3,4,2,4,3,3,3,3,1
3500,4,4,3,4,3,4,3,3,3,3,1
4000,4,4,3,4,5,4,3,3,3,3,1
948,4,2,3,2,3,4,3,3,3,3,1
3000,4,4,3,4,2,4,3,3,3,3,1
13400,4,4,3,4,5,4,3,3,3,3,2
1916.7,4,4,3,2,4,4,3,3,3,3,4
1033.3,4,4,3,4,6,4,3,3,3,3,2
3466.7,4,4,3,3,3,4,3,3,3,3,4
4833.3,4,4,3,4,3,3,3,3,3,3,1
7000,4,4,3,4,7,4,3,3,3,3,3
5333.3,4,4,3,2,6,4,3,3,3,3,3
3000,4,4,3,3,5,4,3,3,3,3,2
2000,3,4,3,4,3,4,3,3,3,3,2
16000,4,4,3,4,7,4,3,3,3,3,3
2025,4,4,3,3,2,4,3,3,3,3,1
12000,4,4,3,4,7,4,3,3,3,3,2
2050,4,4,3,3,3,4,3,3,3,3,1
3800,4,4,3,4,3,4,3,3,3,3,1
1375,4,4,3,3,7,4,3,3,3,3,2
4000,4,4,3,4,2,4,3,3,3,3,1
0,4,4,3,4,4,3,3,3,3,3,1
4000,4,4,3,3,7,4,3,3,3,3,4
4400,4,4,3,3,3,4,3,3,3,3,4
9500,4,4,3,4,3,4,3,3,3,3,4
2100,4,2,2,4,3,4,3,3,3,3,1
3500,4,4,3,4,2,4,3,3,3,3,1
7000,4,4,3,4,3,4,3,3,3,3,3
3500,4,4,3,3,6,4,3,3,3,3,2
2500,4,4,3,4,2,4,3,3,3,3,1
3420,4,4,3,3,3,4,3,3,3,3,2
2500,4,4,3,4,3,4,3,3,3,3,1
10214,4,4,3,4,5,4,3,3,3,3,3
4425,4,4,3,4,7,4,3,3,3,3,3
2000,4,4,3,4,3,4,3,3,3,3,1
2750,4,4,3,4,5,4,3,3,3,3,1
3500,3,4,3,4,4,4,3,3,3,3,1
5900,4,1,3,4,7,4,3,3,3,3,2
4500,4,4,3,4,2,4,3,3,3,3,1
1750,4,4,3,4,2,4,3,3,3,3,2
900,4,4,3,4,3,4,3,3,3,3,2
3250,4,4,3,4,7,4,3,3,3,3,3
3000,4,4,3,3,5,4,3,3,3,3,1
5666.7,4,4,3,4,7,4,3,3,3,3,3
1116.7,4,4,3,4,2,4,3,3,3,3,2
3400,4,3,3,4,3,4,3,3,3,3,2
5000,4,4,3,4,4,4,3,3,3,3,4
10000,4,4,3,4,5,3,3,3,3,3,4
2480,4,4,3,2,4,4,3,3,3,3,4
1435,4,3,3,3,4,1,1,1,2,3,2
8200,4,4,3,4,5,4,3,3,3,3,1
2800,4,4,3,4,5,4,3,3,3,3,1
5000,4,4,3,4,7,4,3,3,3,3,2
9000,4,4,3,4,5,4,3,3,3,3,2
8500,4,4,3,4,7,4,3,3,3,3,4
9000,4,4,3,4,5,4,3,3,3,3,3
2750,4,4,3,3,5,4,3,3,3,3,4
2766.7,4,3,3,4,3,4,3,3,3,3,1
7000,4,4,3,4,5,4,3,3,3,3,4
25500,4,4,3,4,5,4,3,3,3,3,4
5000,4,4,3,4,2,4,3,3,3,3,1
7000,4,4,3,4,2,4,3,3,3,3,1
5333.3,4,4,3,3,5,4,3,3,3,3,3
350,4,4,3,4,3,4,3,3,3,3,2
1500,4,4,3,4,5,4,3,3,3,3,1
11000,4,4,3,4,4,4,3,3,3,3,3
3000,4,4,3,4,5,4,3,3,3,3,4
2000,4,4,3,3,5,4,3,3,3,3,4
2500,4,4,3,4,6,4,3,3,3,3,3
11750,4,4,3,4,7,4,3,3,3,3,2
4000,4,4,3,4,5,4,3,3,3,3,4
3750,4,4,3,4,4,4,3,3,3,3,1
4850,4,4,3,4,3,4,3,3,3,3,1
5250,4,4,3,3,3,4,3,3,3,3,1
1883.3,4,4,3,2,5,4,3,3,3,3,4
2800,4,4,3,4,3,4,3,3,3,3,1
2000,4,4,3,4,3,4,3,3,3,3,1
4025,4,4,3,3,5,4,3,3,3,3,4
1266.7,4,4,3,4,7,4,3,3,3,3,1
0,4,3,3,4,2,4,3,3,3,3,1
3575,4,4,3,4,3,4,3,3,3,3,2
19833,4,4,3,4,7,4,3,3,3,3,2
6000,4,4,3,4,5,4,3,3,3,3,4
2150,4,4,3,4,5,4,3,3,3,3,1
3500,4,4,3,3,5,4,3,3,3,3,3
3500,4,4,3,1,4,4,3,3,3,3,4
4666.7,4,4,3,4,5,4,3,3,3,3,3
1900,2,4,3,3,5,4,3,3,3,3,3
4800,4,4,3,4,5,4,3,3,3,3,3
2500,4,4,3,4,5,4,3,3,3,3,1
1200,4,4,3,3,2,4,3,3,3,3,1
3000,4,4,3,4,5,4,3,3,3,3,3
2250,4,4,3,3,5,4,3,3,3,3,4
3000,4,4,3,4,7,4,3,3,3,3,2
8000,4,4,3,4,2,4,3,3,3,3,1
3233.3,4,4,3,4,3,3,3,3,3,3,1
8000,4,4,3,4,7,4,3,3,3,3,4
1500,4,4,3,3,5,4,3,3,3,3,3
2500,4,3,3,3,4,4,3,3,3,3,2
3800,4,4,3,4,4,4,3,3,3,3,2
1460,4,4,3,1,5,4,3,3,3,3,2
3300,4,4,3,4,2,4,3,3,3,3,1
3333.3,4,4,3,4,3,4,3,3,3,3,4
1000,4,4,3,4,4,4,3,3,3,3,1
3833.3,4,4,3,4,5,4,3,3,3,3,4
550,4,4,3,4,7,4,3,3,3,3,2
4500,4,4,3,4,3,4,3,3,3,3,2
1750,4,4,3,4,3,4,3,3,3,3,1
1500,4,4,3,4,3,4,3,3,3,3,1
2720,4,4,3,3,1,4,3,3,3,3,4
3300,4,3,3,3,3,4,3,3,3,3,2
8000,4,4,3,4,7,4,3,3,3,3,3
6875,4,4,3,4,7,4,3,3,3,3,3
2000,4,4,3,3,2,4,3,3,3,3,1
5500,4,4,3,3,7,4,3,3,3,3,2
4400,4,4,3,4,7,4,3,3,3,3,3
1250,4,4,3,3,5,4,3,2,3,3,1
4800,3,4,3,4,3,4,3,3,2,3,2
1000,3,4,3,4,2,4,3,3,3,3,1
10300,4,4,3,4,6,4,3,3,3,3,4
5700,4,4,3,4,4,4,3,3,3,3,1
5750,4,4,3,4,7,4,3,3,3,3,3
6000,4,4,3,4,5,4,3,3,3,3,4
5225,4,4,3,3,4,4,3,3,3,3,4
8000,4,4,3,4,5,4,3,3,3,3,3
3650,4,4,3,4,2,4,3,3,3,3,1
900,4,4,3,2,3,3,3,3,3,3,2
2825,4,4,3,3,5,4,3,3,3,3,4
1833.3,4,4,3,4,2,4,3,3,3,3,1
3250,4,4,3,1,3,4,3,3,3,3,4
7500,4,4,3,4,7,4,3,3,3,3,1
1300,4,4,3,3,3,4,3,3,3,3,2
0,4,4,3,4,5,4,3,3,3,3,1
3250,4,4,3,4,3,4,3,3,3,3,3
5175,4,4,3,3,7,4,3,3,3,3,2
1226.7,4,3,3,2,4,4,3,3,3,3,4
2660,4,4,3,3,6,4,3,3,3,3,2
4250,4,4,3,3,7,4,3,3,3,3,2
10617,4,4,3,3,3,4,3,3,3,3,2
6500,4,4,3,4,5,4,3,3,3,3,2
2050,4,3,3,4,2,4,3,3,3,3,2
3750,4,4,3,4,4,4,3,3,3,3,3
5166.7,2,4,3,3,4,4,3,3,3,3,3
620,4,4,3,3,3,4,3,3,3,3,1
5750,4,4,3,4,4,4,3,3,3,3,1
3633.3,4,4,3,3,4,4,3,3,3,3,4
4000,4,4,3,3,4,4,3,3,3,3,4
1700,4,4,3,4,4,4,3,3,3,3,1
22800,4,4,3,4,7,4,3,3,3,3,2
11000,4,4,3,4,7,4,3,3,3,3,4
3333.3,4,4,3,4,4,4,3,3,3,3,3
3000,4,4,3,4,3,4,3,3,3,3,4
2883.3,4,4,3,3,5,4,3,3,3,3,4
4000,4,4,3,4,4,4,3,3,3,3,4
5500,4,4,3,4,4,4,3,3,3,3,4
1500,4,4,3,4,6,4,3,3,3,3,4
1625,4,4,3,3,3,4,3,3,3,3,2
4125,4,4,3,3,5,4,3,3,3,3,4
3450,4,4,3,4,5,4,3,3,3,3,3
7000,4,4,3,3,4,4,3,3,3,3,3
4325,4,4,3,3,4,4,3,3,3,3,4
2540,4,4,3,4,4,4,3,3,3,3,2
4500,4,4,3,4,3,4,3,3,3,3,4
7600,4,4,3,4,7,4,3,3,3,3,2
4833.3,4,4,3,4,5,4,3,3,3,3,2
5000,4,4,3,4,5,4,3,3,3,3,3
6500,4,4,3,4,3,4,3,3,3,3,4
6666.7,4,4,3,4,5,4,3,3,3,3,4
3500,4,4,3,3,7,4,3,3,3,3,4
2700,4,4,3,4,5,4,3,3,3,3,3
4100,4,4,3,4,7,4,3,3,3,3,1
14000,4,4,3,4,7,4,3,3,3,3,3
3250,4,4,3,4,4,4,3,3,3,3,4
3500,4,4,3,4,7,4,3,3,3,3,1
5500,4,4,3,4,3,4,3,3,3,3,1
18000,4,4,3,4,4,4,3,3,3,3,3
5000,4,4,3,4,5,4,3,3,3,3,4
1428.6,4,4,3,2,5,4,3,3,3,3,3
6560,4,4,3,4,5,4,3,3,3,3,3
5600,4,4,3,4,3,4,3,3,3,3,3
1657.1,4,4,3,3,3,4,3,3,3,3,1
3000,4,4,3,4,4,4,3,3,3,3,1
5500,4,4,3,4,4,4,3,3,3,3,1
2000,3,4,3,4,3,4,3,3,3,3,1
4500,4,4,3,3,5,4,3,3,3,3,2
5000,4,4,3,4,6,4,3,3,3,3,1
3200,4,4,3,4,3,4,3,3,3,3,2
3333.3,4,4,3,3,5,4,3,3,3,3,4
6000,4,4,3,4,5,4,3,3,3,3,3
17500,4,4,3,4,5,4,3,3,3,3,4
4250,4,4,3,4,1,4,3,3,3,3,3
1600,4,4,3,4,3,4,3,3,3,3,1
6666.7,4,4,3,4,6,4,3,3,3,3,3
2000,3,4,3,4,3,4,3,3,3,3,1
2833.3,4,3,3,4,6,4,3,3,3,3,3
1250,4,4,3,4,6,4,3,3,3,3,1
0,4,4,3,3,4,4,3,3,3,3,1
13450,4,4,3,4,3,4,3,3,3,3,4
2060,4,4,3,3,5,4,3,3,3,3,2
5250,4,4,3,3,3,4,3,3,3,3,3
1160,4,4,3,3,5,4,3,3,3,3,1
30000,4,4,3,4,6,4,3,3,3,3,3
1264,4,4,3,3,3,4,3,3,3,3,2
7075,4,4,3,4,7,4,3,3,3,3,4
10750,4,4,3,4,6,4,3,3,3,3,4
825,4,4,3,4,5,4,3,3,3,3,2
3580,4,4,3,3,3,4,3,3,3,3,2
2933.3,4,4,3,4,3,4,3,3,3,3,1
2250,4,4,3,4,7,4,3,3,3,3,2
12000,4,4,3,4,5,4,3,3,3,3,2
4566.7,4,4,3,4,2,4,3,3,3,3,1
3500,4,4,3,4,5,4,3,3,3,3,1
1975,4,4,3,3,6,4,3,3,3,3,3
1960,2,4,3,3,5,4,3,3,3,3,4
7750,4,4,3,3,5,4,3,3,3,3,1
6700,4,4,3,4,3,4,3,3,3,3,1
13000,4,4,3,4,7,4,3,3,3,3,3
5025,4,4,3,4,6,4,3,3,3,3,3
2000,4,4,3,2,2,4,3,3,3,3,1
620,4,4,3,3,4,4,3,3,3,3,1
4000,4,4,3,2,5,4,3,3,3,3,4
2433.3,4,4,3,3,4,4,3,3,3,3,2
10000,4,4,3,4,5,4,3,3,3,3,3
3833.3,4,4,3,4,3,4,3,3,3,3,4
2000,4,4,3,4,4,4,3,3,3,3,3
3000,4,4,3,3,3,4,3,3,3,3,3
3500,4,4,3,3,5,4,3,3,3,3,4
2800,4,4,3,4,1,4,3,3,3,3,1
666.67,4,4,3,3,3,4,3,3,3,3,4
2980,4,2,3,4,7,4,3,3,3,3,3
6300,4,4,3,4,7,4,3,3,3,3,4
4200,4,3,2,4,5,1,1,3,2,3,1
7000,4,4,3,4,5,4,3,3,3,3,3
4500,4,4,3,4,2,4,3,3,3,3,1
7000,4,4,3,4,3,4,3,3,3,3,1
8000,4,4,3,3,5,4,3,3,3,3,3
1566.7,4,4,3,4,1,4,3,3,3,3,4
7000,4,4,3,4,6,4,3,3,3,3,2
2500,3,4,3,3,2,4,3,3,3,3,2
6500,4,4,3,4,3,2,3,3,3,3,4
3800,4,4,3,4,4,4,3,3,3,3,3
2533.3,4,3,3,4,2,4,3,3,3,3,1
3000,4,4,3,4,4,4,3,3,3,3,4
8500,3,4,3,4,7,4,3,3,3,3,3
9500,4,4,3,4,5,4,3,3,3,3,3
2725,4,4,3,4,7,4,3,3,3,3,2
4500,4,4,3,4,3,4,3,3,3,3,1
6500,4,4,3,4,7,4,3,3,3,3,2
2500,4,4,3,3,7,4,3,3,3,3,3
2633.3,4,4,3,4,5,4,3,3,3,3,3
2000,4,4,3,4,1,4,3,3,3,3,2
15667,4,4,3,4,7,4,3,3,3,3,1
12000,4,4,3,4,7,4,3,3,3,3,3
5750,4,4,3,4,5,4,3,3,3,3,2
7000,4,4,3,4,3,4,3,3,3,3,2
2000,4,4,3,4,1,4,3,3,3,3,1
784,4,4,3,3,3,4,3,3,3,3,4
4700,4,4,3,4,5,4,3,3,3,3,4
3000,4,4,3,3,6,4,3,3,3,3,1
1000,4,4,3,3,4,4,3,3,3,3,2
733.33,4,4,3,4,5,4,3,3,3,3,2
3100,4,4,3,4,2,4,3,3,3,3,1
1180,4,4,3,4,6,4,3,3,3,3,2
3750,4,4,3,3,3,4,3,3,3,3,3
4750,4,4,3,3,3,4,3,3,3,3,2
3285,4,4,3,4,1,4,3,3,3,3,2
17500,4,4,3,4,7,4,3,3,3,3,2
3000,4,4,3,4,5,4,3,3,3,3,4
7000,4,4,3,4,7,4,3,3,3,3,1
2000,4,4,3,4,2,4,3,3,3,3,1
1000,4,4,3,4,2,4,3,3,3,3,1
10000,4,4,3,4,5,4,3,3,3,3,4
1000,4,4,3,3,4,4,3,3,3,3,3
2300,4,4,3,4,6,4,3,3,3,3,4
11500,4,4,3,4,7,4,3,3,3,3,3
3000,4,4,3,4,7,4,3,3,3,3,2
8700,4,4,3,4,3,4,3,3,3,3,3
1345,4,4,3,4,3,4,3,3,3,3,2
670,4,4,3,3,3,4,3,3,3,3,3
8000,4,4,2,4,3,4,3,3,3,3,2
11150,4,4,3,4,6,4,3,3,3,3,1
4000,4,4,3,4,4,4,3,3,3,3,4
1184,4,4,3,1,5,4,3,3,3,3,4
1150,4,4,3,4,3,4,3,2,3,3,1
3250,4,4,3,4,7,4,3,3,3,3,3
2428.6,4,4,3,2,3,4,3,3,3,3,4
4750,4,4,3,4,4,4,3,3,3,3,1
8000,4,4,3,4,7,4,3,3,3,3,2
1966.7,4,4,3,3,2,4,3,3,3,3,1
1900,4,4,3,4,7,4,3,3,3,3,3
5000,3,4,3,4,4,4,3,3,3,3,1
3850,4,4,3,4,3,3,3,3,3,3,1
2666.7,4,4,3,2,6,4,3,3,3,3,3
9500,4,4,3,4,5,4,3,3,3,3,4
4000,3,4,3,4,3,4,3,3,3,3,1
2875,4,4,3,4,6,4,3,3,3,3,1
3750,4,4,3,3,4,4,3,3,3,3,4
1875,4,4,3,3,2,4,3,3,3,3,1
4520,4,4,3,3,2,4,3,3,3,3,4
5000,4,4,3,4,3,4,3,3,3,3,1
7000,4,4,3,4,6,4,3,3,3,3,4
7000,4,4,3,4,3,4,3,3,3,3,1
2516.7,4,4,3,3,4,4,3,3,3,3,4
11000,4,4,3,4,7,4,3,3,3,3,1
8500,4,4,3,4,7,4,3,3,3,3,1
12000,4,4,3,4,7,4,3,3,3,3,2
7000,4,4,3,3,5,4,3,3,3,3,3
18000,4,4,3,4,5,4,3,3,3,3,4
2700,4,4,3,4,3,3,3,3,3,3,1
2800,4,4,3,4,1,4,3,3,3,3,1
5933.3,4,4,3,4,3,4,3,3,3,3,1
2900,4,4,3,3,3,4,3,3,3,3,2
3333.3,4,4,3,3,5,4,3,3,3,3,4
5780,4,4,3,4,2,4,3,3,3,3,1
3000,4,4,3,4,5,4,3,3,3,3,3
6625,4,4,3,4,5,4,3,3,3,3,3
2000,4,4,3,4,5,4,3,3,3,3,1
2500,4,4,3,4,3,4,3,3,3,3,1
7000,4,4,3,4,5,4,3,3,3,3,1
1666.7,4,4,3,3,5,4,3,3,3,3,4
6700,3,4,3,4,4,4,3,3,3,3,1
2400,4,4,3,4,3,4,3,3,3,3,1
2000,3,4,3,4,2,4,3,3,3,3,1
2000,4,4,3,3,3,4,3,3,3,3,1
1083.3,4,4,3,4,7,4,3,3,3,3,3
2566.7,4,4,3,3,2,4,3,3,3,3,3
4300,4,4,3,4,3,4,3,3,3,3,2
1833.3,4,4,3,4,3,4,3,3,3,3,1
1600,4,4,3,3,5,4,3,3,3,3,4
7500,4,4,3,4,3,4,3,3,3,3,1
2866.7,4,4,3,4,3,4,3,3,3,3,1
3000,4,4,3,4,2,4,3,3,3,3,1
1625,4,4,3,3,5,4,3,3,3,3,3
10500,4,4,3,4,7,4,3,3,3,3,3
3733.3,4,4,3,3,7,4,3,3,3,3,2
8300,4,4,3,4,4,4,3,3,3,3,4
300,4,3,3,4,2,4,3,3,2,3,1
2700,4,4,3,3,6,4,3,3,3,3,4
5333.3,4,4,3,4,4,4,3,3,3,3,2
1925,4,4,3,4,5,4,3,3,3,3,2
5666.7,4,4,3,4,3,4,3,3,3,3,1
3166.7,4,4,3,3,5,4,3,3,3,3,1
2600,4,2,2,3,1,4,3,3,3,3,2
1566.7,4,3,3,3,3,4,3,3,3,3,4
3000,4,4,3,4,3,4,3,3,3,3,1
1525,4,4,3,3,3,4,3,3,3,3,2
2750,4,4,3,4,5,4,3,3,3,3,2
3400,4,4,3,4,2,4,3,3,3,3,2
10000,3,4,3,4,7,4,3,3,3,3,3
3000,4,4,3,4,3,4,3,3,3,3,1
2900,4,4,3,1,4,4,3,3,3,3,4
2200,4,4,3,4,3,4,3,3,3,3,1
5000,4,4,3,4,7,4,3,3,3,3,1
2500,4,4,3,1,5,4,3,3,3,3,3
4600,4,4,3,4,7,4,3,3,3,3,2
1250,4,4,3,3,3,4,3,3,3,3,3
3200,4,4,3,3,7,4,3,3,3,3,3
1500,4,4,3,3,5,4,3,3,3,3,3
7000,4,4,3,4,7,4,3,3,3,3,3
2500,4,4,3,3,3,4,3,3,3,3,4
1400,4,4,3,3,5,4,3,3,3,3,3
4325,4,4,3,4,1,4,3,3,3,3,1
1000,3,4,3,3,2,4,3,3,3,3,3
12000,4,4,3,4,6,4,3,3,3,3,1
5714.3,4,4,3,3,7,4,3,3,3,3,3
4500,4,3,3,4,3,4,3,3,3,3,1
900,3,4,3,3,2,4,3,3,3,3,1
3000,3,4,3,4,3,4,3,3,3,3,1
2350,4,4,3,4,2,4,3,3,3,3,1
5500,4,4,3,4,5,4,3,3,3,3,2
4625,4,4,3,3,5,4,3,3,3,3,2
2050,4,4,3,3,3,4,3,3,3,3,2
3125,4,4,3,3,5,4,3,3,3,3,4
1600,4,4,3,3,5,4,3,3,3,3,4
3000,4,4,3,4,2,4,3,3,3,3,3
4166.7,4,3,3,2,7,2,2,3,2,3,4
6000,4,4,3,4,4,4,3,3,3,3,1
2800,4,4,3,4,3,4,3,3,3,3,1
15000,3,4,3,4,7,4,3,3,3,3,4
2125,4,4,3,3,5,4,3,3,3,3,4
2800,4,4,3,3,4,4,3,3,3,3,4
2000,4,4,3,4,5,4,3,3,3,3,4
6083.3,4,4,3,3,7,4,3,3,3,3,2
2666.7,4,4,3,4,2,4,3,3,3,3,1
7500,4,4,3,4,3,4,3,3,3,3,2
2933.3,4,4,3,4,5,4,3,3,3,3,2
8666.7,4,4,3,4,6,4,3,3,3,3,4
3200,4,4,3,4,2,4,3,3,3,3,1
5533.3,4,4,3,4,4,4,3,3,3,3,2
5750,4,4,3,4,7,4,3,3,3,3,3
720,4,3,3,1,4,3,3,3,3,3,1
2366.7,4,4,3,3,5,4,3,3,3,3,1
6000,4,3,3,4,3,4,3,3,3,3,4
3666.7,4,4,3,4,7,4,3,3,3,3,3
4800,4,4,3,4,4,4,3,3,3,3,3
16000,4,4,3,4,7,4,3,3,3,3,4
2850,4,4,3,4,3,4,3,3,3,3,1
1136,4,4,3,3,4,4,3,3,3,3,2
8000,4,4,3,4,5,4,3,3,3,3,4
6000,4,4,3,4,7,4,3,3,3,3,3
1500,4,4,3,4,2,4,3,3,3,3,2
4500,4,4,3,3,7,4,3,3,3,3,1
1590,4,4,3,2,4,4,3,3,3,3,1
6666.7,4,4,3,4,6,4,3,3,3,3,4
7000,4,4,3,4,4,4,3,3,3,3,3
2000,4,4,3,4,5,4,3,3,3,3,1
5125,4,4,3,4,7,4,3,3,3,3,2
7500,4,4,3,4,3,4,3,3,3,3,1
3333.3,4,4,3,4,5,4,3,3,3,3,4
2800,4,4,3,4,2,4,3,3,3,3,1
4200,3,4,3,4,7,4,3,3,3,3,3
3370,4,4,3,4,5,4,3,3,3,2,1
3200,4,4,3,3,7,4,3,3,3,3,4
788,2,4,3,2,2,4,3,3,3,3,2
4000,4,4,3,4,5,4,3,3,3,3,3
5000,4,4,3,4,3,4,3,3,3,3,1
2300,4,4,3,4,3,4,3,3,3,3,1
9666.7,4,4,3,4,6,4,3,3,3,3,4
9000,4,4,3,4,5,4,3,3,3,3,4
4750,3,4,3,3,6,4,3,3,3,3,3
4700,4,4,3,4,7,4,3,3,3,3,4
9000,4,4,3,4,3,4,3,3,3,3,1
15500,4,4,3,4,3,4,3,3,3,3,1
6500,4,4,3,4,7,4,3,3,3,3,3
7500,4,4,3,4,7,4,3,3,3,3,1
3100,4,4,3,4,5,4,3,3,3,3,3
2800,4,4,3,4,2,4,3,3,3,3,1
4666.7,4,4,3,4,7,4,3,3,3,3,2
6666.7,4,4,3,3,7,4,3,3,3,3,3
1500,4,4,3,4,3,4,3,3,3,3,1
2900,4,4,3,4,3,4,3,3,3,3,3
6000,4,4,3,4,5,4,3,3,3,3,4
7333.3,4,4,3,4,7,4,3,3,3,3,2
7933.3,4,4,3,4,7,4,3,3,3,3,2
18000,4,4,3,4,6,4,3,3,3,3,3
6000,4,4,3,4,4,4,3,3,3,3,1
933.33,4,4,3,4,5,4,3,3,3,3,1
5000,4,4,3,4,5,4,3,3,3,3,4
2000,4,4,3,4,6,4,3,3,3,3,1
2066.7,4,4,3,4,3,4,3,3,3,3,1
12000,4,4,3,4,7,4,3,3,3,3,2
5000,4,4,3,4,3,4,3,3,3,3,1
5000,4,4,3,4,6,4,3,3,3,3,1
2714.3,4,4,3,2,5,4,3,3,3,3,3
2233.3,4,4,3,4,4,4,3,3,3,3,2
5250,4,4,3,3,3,4,3,3,3,3,3
26000,4,4,3,4,3,4,3,3,3,3,2
13000,4,4,3,4,7,3,3,3,3,3,3
5000,4,4,3,4,4,4,3,3,3,3,3
3666.7,4,4,3,4,7,4,3,3,3,3,3
2400,4,4,3,2,3,4,3,3,3,3,3
15600,4,4,3,4,6,4,3,3,3,3,1
700,4,1,2,4,4,3,3,3,2,3,2
7500,4,4,3,4,7,4,3,3,3,3,4
10000,4,4,3,4,7,4,3,3,3,3,1
2000,4,4,3,3,4,4,3,3,3,3,1
6500,4,4,3,4,3,4,3,2,3,3,1
3033.3,4,4,3,4,6,4,3,3,3,3,3
4666.7,4,4,3,3,5,4,3,3,3,3,3
6750,4,4,3,3,6,4,3,3,3,3,4
1800,4,4,3,3,4,4,3,3,3,3,3
3500,4,4,3,4,3,4,3,3,3,3,1
5000,4,4,3,4,3,4,3,3,3,3,1
1466.7,4,1,3,2,2,1,1,3,2,3,1
4550,4,4,3,3,3,4,3,3,3,3,3
7250,4,4,3,4,7,4,3,3,3,3,4
3475,4,4,3,4,3,4,3,3,3,3,1
3000,4,4,3,4,3,4,3,3,3,3,1
1300,4,1,2,1,4,2,2,3,2,3,3
4833.3,4,4,3,4,5,4,3,3,3,3,2
666.67,4,4,3,4,5,4,3,3,3,3,1
13500,4,4,3,4,7,4,3,3,3,3,4
4000,4,4,3,4,4,4,3,3,3,3,2
17000,4,4,3,4,4,4,3,3,3,3,1
2500,4,4,3,4,4,4,3,3,3,3,1
2065,4,4,3,4,3,1,3,3,3,3,2
7666.7,3,4,3,4,5,4,3,3,3,3,1
8550,4,4,3,4,6,4,3,3,3,3,4
2333.3,4,4,3,4,3,4,3,3,3,3,4
5750,4,4,3,4,5,4,3,3,3,3,2
4000,4,4,3,4,3,4,3,3,3,3,4
1428.6,4,4,3,3,3,4,2,3,3,3,1
5000,4,4,3,4,3,4,3,3,3,3,1
10000,4,4,3,4,7,3,3,3,3,3,1
3300,3,4,3,4,5,3,3,3,3,3,2
684.44,4,4,3,2,5,4,3,3,3,3,2
3033.3,4,4,3,4,3,4,3,3,3,3,1
2600,4,4,3,3,5,4,3,3,3,3,3
4100,4,4,3,4,5,4,3,3,3,3,1
3200,4,4,3,4,3,4,3,3,3,3,1
3875,4,4,3,4,3,4,3,3,3,3,4
2375,4,4,3,3,4,3,3,3,3,3,4
5000,4,4,3,4,5,4,3,3,3,3,1
2000,4,4,3,4,3,4,3,3,3,3,1
3000,4,4,3,4,7,4,3,3,3,3,1
2126.7,4,4,3,4,4,4,3,3,3,3,1
7500,4,3,3,4,4,4,3,3,3,3,4
1300,4,4,3,2,3,4,3,3,3,3,1
2000,4,4,3,4,3,4,3,3,3,3,1
9100,4,4,3,4,5,4,3,3,3,3,3
3400,4,4,3,3,5,4,3,3,3,3,2
1144.4,4,4,3,1,2,4,3,3,3,3,1
5500,4,4,3,4,6,4,3,3,3,3,2
3000,4,4,3,3,6,4,3,3,3,3,1
3500,4,4,3,4,7,4,3,3,3,3,1
4000,4,4,3,3,4,4,3,3,3,3,4
6900,4,4,3,4,4,4,3,3,3,3,4
3000,4,3,3,4,3,4,3,3,3,3,1
1644,4,4,3,3,3,4,3,3,3,3,4
2650,4,4,3,4,4,4,3,3,3,3,1
2000,4,4,3,4,5,4,3,3,3,3,2
1500,4,3,3,3,2,4,2,3,2,3,1
6000,4,4,3,4,5,4,3,3,3,3,4
10000,4,4,3,4,7,4,3,3,3,3,3
8000,4,4,3,4,7,4,3,3,3,3,3
3000,4,4,3,4,5,4,3,3,3,3,2
10000,4,4,3,4,3,4,3,3,3,3,1
9000,4,4,3,4,4,4,3,3,3,3,2
4000,4,4,3,4,5,4,3,3,3,3,4
3466.7,4,4,3,2,2,4,3,3,3,3,3
10700,4,4,3,4,6,4,3,3,3,3,2
5750,4,4,3,4,7,4,3,3,3,3,2
1666.7,4,4,3,4,2,4,3,3,3,3,4
2333.3,3,4,2,3,2,3,2,3,1,1,3
3120,4,4,3,4,4,4,3,3,3,3,1
0,4,4,3,4,3,4,3,3,3,3,1
7700,4,4,3,4,4,4,3,3,3,3,2
7000,4,4,3,4,6,4,3,3,3,3,3
6500,4,4,3,4,4,4,3,3,3,3,2
6000,4,4,3,4,3,4,3,3,3,3,4
3400,4,4,3,4,6,4,3,3,3,3,2
3500,4,4,3,4,4,4,3,3,3,3,3
4000,4,4,3,4,7,4,3,3,3,3,2
9750,4,4,3,4,5,4,3,3,3,3,3
5650,4,4,3,4,5,4,3,3,3,3,2
1400,4,4,3,4,7,4,3,3,3,3,3
350,4,2,2,3,4,2,2,3,2,3,2
4625,4,4,3,3,5,4,3,3,3,3,4
2000,4,4,3,3,4,4,3,3,2,3,4
5700,4,4,3,4,7,4,3,3,3,3,2
2125,4,4,3,3,3,4,3,3,3,3,2
4700,4,4,3,4,3,4,3,3,3,3,2
1435,4,4,3,1,2,4,3,3,3,3,4
7000,3,4,3,4,4,4,3,3,3,3,3
4666.7,4,4,3,4,6,3,3,3,3,3,2
2000,4,4,3,4,7,4,3,3,3,3,3
5000,4,4,3,4,5,4,3,3,3,3,4
3800,3,3,3,4,2,3,2,3,3,3,1
2250,4,4,3,3,3,4,3,3,3,3,2
1673.6,4,4,3,2,4,4,3,3,3,3,4
5500,4,4,3,4,3,4,3,3,3,3,4
7000,4,4,3,4,5,4,3,3,3,3,4
9000,4,4,3,4,4,4,3,3,3,3,4
9400,4,4,3,4,6,4,3,3,3,3,1
8000,4,4,3,4,5,4,3,3,3,3,2
4207.1,4,4,3,3,2,4,3,3,3,3,1
3750,4,4,3,4,5,4,3,3,3,3,3
19000,4,4,3,4,6,4,3,3,3,3,4
3750,4,4,3,4,7,4,3,3,3,3,1
6000,4,4,3,4,3,4,3,3,3,3,1
4700,4,4,2,3,1,4,3,2,3,3,3
5200,4,4,3,4,7,4,3,3,3,3,2
4300,4,4,3,4,7,4,3,3,3,3,2
2450,4,4,3,4,6,4,3,3,3,3,2
4200,4,4,3,3,5,4,3,3,3,3,4
3000,4,3,3,4,4,4,3,3,3,3,3
2500,4,4,3,4,5,4,3,3,3,3,1
2760,4,4,3,2,5,4,3,3,3,3,3
1125,4,2,3,1,2,3,2,3,2,3,3
3714.3,4,4,3,4,3,4,3,3,3,3,1
6000,4,4,3,4,3,4,3,3,3,3,4
7000,4,4,3,4,5,4,3,3,3,3,1
2166.7,4,4,3,2,2,4,3,3,3,3,2
522.22,4,4,3,3,3,4,3,3,3,3,3
850,4,4,3,1,3,4,3,3,3,3,2
2066.7,4,4,3,4,5,4,3,3,3,3,1
3025,4,4,3,3,4,4,3,3,3,3,2
5500,4,4,3,3,4,4,3,3,3,3,4
4300,4,4,3,4,2,4,3,1,3,3,2
3000,4,3,2,3,4,2,3,3,3,3,2
8500,4,4,3,4,7,4,3,3,3,3,3
7600,4,4,3,3,4,4,3,3,3,3,4
6666.7,4,4,3,4,5,3,3,3,3,3,2
3250,4,4,3,4,5,4,3,3,3,3,1
6075,4,4,3,4,4,4,3,3,3,3,4
4750,4,4,3,4,7,4,3,3,3,3,2
4000,4,4,3,4,6,4,3,3,3,3,2
522.22,3,4,3,3,3,2,3,3,3,3,4
2866.7,4,4,3,3,7,2,3,3,3,3,4
1000,4,4,3,3,3,4,3,3,3,3,4
12250,4,4,3,4,5,4,3,3,3,3,4
2116.7,4,4,3,2,2,4,3,3,3,3,2
4233.3,4,4,3,3,3,4,3,3,3,3,3
5360,4,3,3,3,3,4,3,3,3,3,4
3000,4,4,3,4,4,4,3,3,3,3,4
13000,4,4,3,4,5,4,3,3,3,3,4
4000,4,4,3,4,4,4,3,3,3,3,2
3000,4,4,3,4,3,4,3,3,3,3,1
1200,4,4,3,4,2,4,3,3,3,3,1
10250,4,4,3,4,5,4,3,3,3,3,1
3000,4,4,3,4,3,4,3,3,3,3,1
8333.3,4,4,3,4,4,4,3,3,3,3,3
2750,4,4,3,3,2,4,3,3,3,3,1
3400,3,4,3,4,3,4,3,3,3,3,2
7166.7,4,4,3,4,4,4,3,3,3,3,3
4000,4,4,3,4,3,4,3,3,3,3,3
2500,4,4,3,4,5,4,3,3,3,3,2
685.71,4,3,3,2,6,4,3,3,3,3,1
2714.3,4,4,3,2,5,4,3,3,3,3,4
7100,4,4,3,4,7,4,3,3,3,3,1
3800,4,4,3,4,3,4,3,3,3,3,1
300,4,1,3,4,2,3,2,3,2,3,1
1500,4,4,3,4,4,4,3,3,3,3,2
1300,4,4,3,4,3,4,3,3,3,3,2
20000,4,4,3,4,3,4,3,3,3,3,1
5000,4,4,3,4,5,4,3,3,3,3,4
1092.8,4,1,2,1,3,3,2,3,2,3,1
4666.7,4,4,3,4,4,4,3,3,3,3,3
2750,4,4,3,4,7,4,3,3,3,3,1
7000,4,4,3,4,5,4,3,3,3,3,3
3695,4,4,3,3,2,4,3,3,3,3,1
1200,4,4,3,4,3,4,3,3,3,3,2
3600,4,4,3,4,4,3,3,3,3,3,4
4300,4,4,3,4,3,4,3,3,3,3,1
3000,4,4,3,3,5,4,3,3,3,3,1
2360,4,4,3,3,5,4,3,3,3,3,2
7000,4,4,3,4,7,4,3,3,3,3,3
12000,4,4,3,4,7,4,3,3,3,3,3
6500,4,4,3,4,6,4,3,3,3,3,1
833.33,3,4,3,3,3,4,3,3,3,3,2
2625,4,4,3,3,4,4,3,3,3,3,2
4433.3,4,4,3,4,3,4,3,3,3,3,1
25000,4,4,3,4,5,4,3,3,3,3,4
2000,3,4,3,4,4,4,3,3,3,3,3
4000,4,4,3,4,3,4,3,3,3,3,1
3000,4,4,3,4,7,4,3,3,3,3,3
3000,4,4,3,4,1,4,3,3,3,3,1
750,4,4,3,3,3,3,3,3,3,3,1
6500,4,4,3,4,5,4,3,3,3,3,3
4333.3,4,4,3,3,5,4,3,3,3,3,2
2166.7,4,4,3,2,4,4,3,1,3,3,2
1428.6,4,3,3,3,3,4,3,3,3,3,3
2750,4,4,3,4,5,4,3,3,3,3,2
7500,4,4,3,4,4,4,3,3,3,3,3
2838.6,4,4,3,3,3,4,3,3,3,3,1
4000,4,4,3,4,3,4,3,3,3,3,3
4250,4,4,3,4,7,4,3,3,3,3,4
0,4,4,3,4,6,4,3,3,3,3,1
2666.7,4,4,3,4,3,4,3,3,3,3,1
14500,4,4,3,4,5,4,3,3,3,3,4
2333.3,4,3,3,2,6,4,3,3,3,3,3
7650,4,4,3,4,7,4,3,3,3,3,4
2400,4,3,3,1,5,4,3,3,3,3,2
1000,4,4,3,3,3,4,3,3,3,3,2
2300,4,4,3,4,3,4,3,3,3,3,1
8250,3,4,3,4,7,4,3,3,3,3,3
4900,4,4,3,4,7,4,3,3,3,3,3
4750,4,4,3,4,5,4,3,3,3,3,2
6750,4,4,3,4,7,4,3,3,3,3,2
2800,4,3,3,4,1,4,3,3,3,3,1
4800,4,4,3,3,3,4,3,3,3,3,3
4433.3,4,4,3,4,1,4,3,3,3,3,1
4000,4,4,3,4,3,4,3,3,3,3,4
13500,4,4,3,4,7,4,3,3,3,3,3
7333.3,4,4,3,4,5,4,3,3,3,3,3
2666.7,4,4,3,4,5,4,3,3,3,3,2
3675,4,4,3,4,5,4,3,3,3,3,4
7500,4,4,3,4,5,4,3,3,3,3,1
8000,4,4,3,4,5,4,3,3,3,3,4
3625,4,4,3,3,5,4,3,3,3,3,3
1200,4,4,3,4,5,3,3,3,3,3,2
2571.4,4,4,3,3,5,4,3,3,3,3,3
4900,4,4,3,4,3,4,3,3,3,3,3
1925,4,4,3,3,6,4,3,3,3,3,4
2333.3,4,4,3,3,2,4,3,3,3,3,2
3550,4,4,3,3,3,4,3,3,3,3,2
1500,4,4,3,3,5,4,3,3,3,3,1
5000,4,4,3,4,4,4,3,3,3,3,2
3700,4,4,3,4,5,4,3,3,3,3,1
5200,4,4,3,4,3,4,3,3,3,3,2
9000,4,4,3,4,7,4,3,3,3,3,1
2875,4,4,3,4,6,4,3,3,3,3,4
4166.7,4,4,3,4,5,4,3,3,3,3,4
16000,4,4,3,4,7,4,3,3,3,3,3
3833.3,4,4,3,4,5,4,3,3,3,3,3
1350,4,4,3,4,2,4,3,3,3,3,1
1625,4,4,3,3,7,4,3,3,3,3,3
3050,4,4,3,4,2,4,3,3,3,3,1
2333.3,4,4,3,2,3,4,3,3,3,3,3
8175,4,4,3,3,4,4,3,3,3,3,2
4050,4,4,3,3,5,4,3,3,3,3,4
6400,4,4,3,4,6,4,3,3,3,3,4
550,4,3,2,3,3,4,3,3,3,3,1
8000,4,4,3,4,7,4,3,3,3,3,2
8000,4,4,3,4,7,4,3,3,3,3,2
8000,4,4,3,4,5,4,3,3,3,3,3
7000,4,4,3,4,2,4,3,3,3,3,3
2333.3,4,4,3,4,5,4,3,3,3,3,1
3500,4,4,3,3,4,4,3,3,3,3,4
9500,4,4,3,4,2,4,3,3,3,3,4
10650,4,4,3,3,7,4,3,3,3,3,2
3075,4,4,3,4,6,4,3,3,3,3,3
5000,4,4,3,4,7,4,3,3,3,3,2
8000,4,4,3,4,7,4,3,3,3,3,3
5066.7,4,4,3,4,3,4,3,3,3,3,1
2500,4,4,3,2,4,4,3,3,3,3,3
4200,4,4,3,4,7,3,3,3,3,3,2
1125,4,4,3,3,4,4,3,3,3,3,2
4500,4,4,3,4,3,4,3,3,3,3,1
4000,4,4,3,4,3,4,3,3,3,3,4
4500,4,4,3,4,5,4,3,3,3,3,3
500,3,4,3,4,3,2,3,3,3,3,2
10285,4,4,3,4,3,4,3,3,3,3,1
4000,4,4,3,4,3,4,3,3,3,3,1
2075,4,4,3,3,3,4,3,3,3,3,1
7171.7,4,4,3,4,5,3,3,3,3,3,4
2533.3,4,4,3,4,5,4,3,3,3,3,2
4300,4,4,3,4,2,4,3,3,3,3,1
2050,4,4,3,4,5,4,3,3,3,3,2
1625,4,4,3,3,5,4,3,3,3,3,2
7833.3,4,4,3,4,7,4,3,3,3,3,3
556.67,4,4,3,3,4,4,3,3,3,3,2
1800,4,4,2,4,3,4,3,3,3,3,2
5000,4,4,3,4,3,4,3,3,3,3,4
10167,4,4,3,4,7,4,3,3,3,3,4
15500,4,4,3,4,5,4,3,3,3,3,3
1460,4,4,3,4,4,4,3,3,3,3,2
3500,4,4,3,4,3,4,3,3,3,3,4
4750,4,4,3,3,4,4,3,3,3,3,4
1840,4,4,3,3,5,4,3,3,3,3,4
1400,4,4,3,4,5,4,3,3,3,3,1
1000,4,4,3,1,7,4,3,3,3,3,3
5000,4,4,3,4,5,4,3,3,3,3,3
3333.3,4,4,3,3,5,4,3,3,3,3,3
1333.3,4,4,3,2,5,4,3,3,3,3,2
2750,4,4,3,4,5,4,3,3,3,3,4
8300,4,4,3,4,6,4,3,3,3,3,4
3333.3,4,4,3,3,1,4,3,3,3,3,2
5633.3,4,4,3,4,7,4,3,3,3,3,1
10500,4,4,3,4,7,4,3,3,3,3,1
1250,3,4,2,3,2,2,3,3,3,3,4
2250,4,4,3,4,2,4,3,3,3,3,1
3550,4,4,3,3,5,4,3,3,3,3,4
3200,4,4,3,4,5,4,3,3,3,3,1
6333.3,4,4,3,4,4,4,3,3,3,3,4
2250,4,4,3,4,7,4,3,3,3,3,3
7500,4,4,3,4,4,4,3,3,2,3,1
493.33,4,4,2,1,4,4,3,3,3,3,1
2000,4,4,3,4,6,4,3,3,3,3,4
10200,4,4,3,4,4,4,3,3,3,3,1
4800,4,4,3,4,6,4,3,3,3,3,1
4000,4,4,3,3,5,4,3,3,3,3,4
9000,4,4,2,4,2,3,3,3,3,3,3
5212.5,4,2,3,3,3,4,3,3,3,3,1
1316,4,3,3,2,2,4,2,3,3,3,3
1666.7,4,4,3,4,3,4,3,3,3,3,1
3000,4,4,3,4,5,4,3,3,3,3,2
4333.3,4,4,3,4,7,4,3,3,3,3,2
3200,4,4,3,4,5,4,3,3,3,3,1
2800,4,4,3,4,5,4,3,3,3,3,1
1500,4,4,3,3,3,4,3,3,3,3,1
8000,4,4,3,4,4,3,3,1,2,3,4
4000,4,4,3,4,7,4,3,3,3,3,2
13000,4,4,3,4,7,4,3,3,3,3,1
4000,4,4,3,4,6,4,3,3,3,3,1
2500,4,4,3,4,5,4,3,3,3,3,3
2500,4,4,3,4,2,4,3,3,3,3,1
3520,3,4,3,4,5,4,3,3,3,3,3
1500,4,3,2,2,3,3,3,3,3,3,2
18000,3,4,3,4,5,4,3,3,3,3,1
4100,4,4,3,4,6,4,3,3,3,3,2
1800,4,4,3,4,7,4,3,3,3,3,1
5000,4,4,3,4,3,4,3,3,3,3,1
2500,4,4,3,3,5,4,3,3,3,3,2
8600,4,4,3,4,6,4,3,3,3,3,2
3000,4,4,2,4,2,2,3,3,3,3,1
9500,4,4,3,4,3,4,3,3,3,3,1
1750,4,2,3,1,3,4,2,3,3,3,4
200,4,4,3,4,1,4,3,3,3,3,2
1142.9,3,4,2,2,4,3,2,3,3,3,4
0,4,4,3,4,3,4,3,3,3,3,1
3750,4,4,3,4,5,4,3,3,3,3,3
6200,4,4,3,4,6,4,3,3,3,3,1
2800,4,4,3,4,3,4,3,3,3,3,1
3250,4,4,3,3,6,4,3,3,3,3,2
4800,4,4,3,3,7,4,3,3,3,3,4
4000,4,4,3,4,3,4,3,3,3,3,1
10833,4,4,3,4,7,4,3,3,3,3,3
4000,4,4,3,3,3,4,3,3,3,3,4
3400,4,4,3,4,3,4,3,3,3,3,2
3000,4,4,3,4,3,4,3,3,3,3,1
4900,4,4,3,4,5,4,3,3,3,3,3
3784.7,4,4,3,2,3,4,3,3,3,3,1
4433.3,4,4,3,3,3,4,3,3,3,3,1
1400,4,4,2,4,2,3,3,3,3,3,2
11000,4,4,3,4,7,4,3,3,3,3,1
5000,4,4,3,4,3,4,3,3,3,3,1
9333.3,3,4,3,2,7,4,3,3,3,3,4
6000,4,4,3,4,3,4,3,3,3,3,1
8000,3,4,2,4,7,3,2,3,1,1,2
3200,4,4,3,4,3,4,3,3,3,3,1
5000,4,4,3,4,7,4,3,3,3,3,2
4370,4,4,3,3,3,4,3,3,3,3,4
10000,4,4,3,4,5,4,3,3,3,3,2
1575,4,4,3,3,5,4,3,3,3,3,4
2000,4,4,3,1,4,4,3,3,3,3,4
1625,4,4,3,3,4,4,3,3,3,3,4
5000,4,4,3,4,7,4,3,3,3,3,3
12000,4,4,3,4,4,4,3,3,3,3,1
6300,4,4,3,4,3,4,3,3,3,3,1
2750,4,2,2,4,2,3,3,3,3,3,3
10000,4,4,3,3,6,4,3,3,3,3,4
5266.7,4,4,3,3,4,4,3,3,3,3,1
3675,4,4,3,3,5,4,3,3,3,3,3
4500,4,4,3,3,3,4,3,3,3,3,4
19500,4,4,3,4,7,4,3,3,3,3,2
2200,4,4,3,3,7,4,3,3,3,3,2
1900,4,3,3,3,3,4,3,3,3,3,2
1400,4,4,2,4,4,3,3,3,3,3,1
8446.7,4,4,3,4,4,4,3,3,3,3,4
5000,4,4,3,4,5,4,3,3,3,3,3
5000,4,4,3,4,5,4,3,3,3,3,3
6500,4,4,3,4,7,4,3,3,3,3,1
5375,4,4,3,4,5,4,3,3,3,3,3
2574,4,4,3,3,3,4,3,3,3,3,2
10833,4,4,3,4,5,4,3,3,3,3,1
2900,4,4,3,3,4,4,3,3,3,3,4
4400,4,4,3,3,5,4,3,3,3,3,3
6000,4,4,3,4,5,4,3,3,3,3,3
1110,4,4,3,1,4,4,3,3,3,3,3
2950,4,4,3,4,3,4,3,3,3,3,1
4400,4,4,3,3,3,4,3,3,3,3,1
2125,3,4,3,4,2,4,3,3,3,3,4
5000,4,4,3,4,3,4,3,3,3,3,1
3214.3,4,4,3,3,4,4,3,3,3,3,2
1660,3,4,3,3,5,4,3,3,3,3,1
2800,3,4,3,4,1,4,3,3,3,3,1
3120,4,3,3,3,2,4,3,3,3,3,1
3250,4,2,3,4,3,3,3,3,3,3,3
15000,4,4,3,4,7,4,3,3,3,3,4
5500,4,4,3,4,5,4,3,3,3,3,2
1610,4,4,3,1,3,4,3,1,2,3,2
1666.7,4,4,3,4,7,4,3,3,3,3,3
3900,4,4,3,4,5,4,3,3,3,3,1
2400,4,4,3,3,7,4,3,3,3,3,2
9900,4,4,3,4,7,4,3,3,3,3,3
12000,4,4,3,4,6,4,3,3,3,3,4
2285.7,4,4,3,3,3,4,3,3,3,3,2
2050,4,4,3,4,7,4,3,3,3,3,3
4680,4,4,3,3,3,4,3,3,3,3,2
5100,4,4,3,4,7,4,3,3,3,3,3
2500,4,4,3,4,7,4,3,3,3,3,2
1000,4,4,3,2,3,4,3,3,3,3,3
4000,4,4,3,4,5,4,3,3,3,3,1
0,4,4,3,4,2,3,3,3,3,3,1
537.5,4,4,3,1,3,4,3,3,3,3,1
3000,4,4,3,4,3,4,3,3,3,3,1
3250,4,4,3,4,3,4,3,3,3,3,3
2197.5,4,4,3,3,7,4,3,3,3,3,4
3600,4,4,3,3,5,4,3,3,3,3,3
2250,4,4,3,4,5,4,3,3,3,3,3
3125,4,4,3,3,6,4,3,3,3,3,2
800,4,4,3,1,4,4,3,3,3,3,4
12000,4,4,3,4,7,4,3,3,3,3,2
2975,4,4,3,3,3,4,3,3,3,3,2
8000,4,4,3,4,3,4,3,3,3,3,1
2106.7,4,4,3,3,4,4,3,3,3,3,3
7333.3,4,4,3,4,3,4,3,3,3,3,1
4095,4,4,3,4,5,4,3,3,3,3,1
14000,4,4,3,4,7,4,3,3,3,3,3
12500,4,4,3,4,7,4,3,3,3,3,2
12000,4,4,3,4,7,4,3,3,3,3,2
4200,4,4,3,4,4,4,3,3,3,3,1
4000,4,4,3,4,5,4,3,3,3,3,4
3520,4,4,3,3,5,4,3,3,3,3,1
3200,4,4,3,4,3,4,3,3,3,3,1
3250,4,4,3,3,3,4,3,3,3,3,4
7500,4,4,3,4,5,4,3,3,3,3,4
6000,4,4,3,4,3,4,3,3,3,3,1
2000,4,4,3,4,6,4,3,3,3,3,3
1600,4,4,3,3,3,4,3,3,3,3,4
2500,4,4,3,4,3,4,3,3,3,3,1
3750,4,4,3,4,5,4,3,3,3,3,3
1440,4,3,2,1,4,2,2,3,2,3,4
1185.7,4,4,3,3,3,4,3,3,3,3,1
5333.3,4,4,3,4,7,4,3,3,3,3,2
7500,4,4,3,4,5,4,3,3,3,3,3
2166.7,4,4,3,4,5,4,3,3,3,3,1
16000,4,4,3,4,6,4,3,3,3,3,3
17000,4,4,3,4,4,4,3,3,3,3,4
12500,4,4,3,4,2,4,3,3,3,3,1
3333.3,4,4,3,4,7,4,3,3,3,3,4
4833.3,4,4,3,3,4,4,3,3,3,3,2
8200,4,4,3,4,7,4,3,3,3,3,2
4233.3,4,4,3,4,5,4,3,3,3,3,2
4400,4,4,3,4,7,4,3,3,3,3,3
1700,4,4,3,3,3,4,3,3,3,3,1
5600,4,4,3,4,4,4,3,3,2,3,1
1766.7,4,4,3,4,7,4,3,3,3,3,4
1466.7,4,4,2,2,5,4,3,3,3,3,3
4500,4,4,3,4,3,4,3,3,3,3,4
3300,4,4,3,4,2,4,3,3,3,3,2
9000,4,4,3,4,2,4,3,3,3,3,1
2975,4,4,3,4,3,4,3,3,3,3,1
3650,4,4,3,4,3,4,3,3,3,3,1
2150,4,4,3,1,4,4,3,3,3,3,4
7333.3,4,4,3,3,3,4,3,3,3,3,2
3333.3,4,4,3,4,7,4,3,3,3,3,1
2000,4,4,3,4,3,3,3,3,3,3,4
7500,4,4,3,4,5,4,3,3,3,3,2
1466.7,4,4,3,4,3,4,3,3,3,3,2
2650,4,4,3,4,3,4,3,3,3,3,1
1750,4,4,3,3,3,4,3,3,3,3,4
7666.7,4,4,3,4,5,4,3,3,3,3,4
1157.1,4,4,3,3,2,4,3,3,3,3,2
4000,4,4,3,4,4,4,3,3,3,3,4
2250,4,4,3,4,7,4,3,3,3,3,3
11000,4,4,3,3,5,4,3,3,3,3,4
4200,4,4,3,4,5,4,3,3,3,3,2
1700,4,4,3,1,3,4,2,3,2,3,3
1500,4,4,3,4,7,4,3,3,3,3,1
4250,4,4,3,3,6,4,3,3,3,3,4
1500,4,4,3,3,5,4,3,3,3,3,4
11500,4,4,3,4,3,4,3,3,3,3,1
500,3,4,3,3,4,4,3,3,3,3,3
4000,4,4,3,4,3,4,3,3,3,3,1
3000,4,4,3,4,4,4,3,3,3,3,4
7000,4,4,3,4,5,4,3,3,3,3,1
775,4,4,3,4,5,4,3,3,3,3,4
6400,4,4,3,4,7,4,3,3,3,3,3
3500,4,4,3,3,5,4,3,3,3,3,2
4000,4,3,3,4,2,4,3,3,3,3,3
2300,4,4,3,3,7,4,3,3,3,3,2
3500,4,4,3,4,4,4,3,3,3,3,3
2400,4,4,3,3,5,4,3,3,3,3,4
4000,4,4,3,4,3,4,3,3,3,3,1
2500,4,4,3,4,6,4,3,3,3,3,1
2360,4,4,3,4,4,4,3,3,3,3,2
6650,4,4,3,4,7,4,3,3,3,3,1
4333.3,4,1,2,3,4,3,3,3,3,3,4
3000,4,4,3,4,2,4,3,3,3,3,1
15000,4,4,3,4,7,4,3,3,3,3,2
4625,4,4,3,4,5,4,3,3,3,3,1
3550,4,4,3,3,4,4,3,1,2,3,2
7500,4,4,3,4,5,4,3,3,3,3,3
4500,4,4,3,4,7,4,3,3,3,3,3
2800,4,4,3,2,5,4,3,3,3,3,4
3200,4,4,3,3,2,4,3,3,3,3,2
3250,4,4,3,4,2,4,3,3,3,3,1
666.67,4,3,3,2,4,4,3,3,3,3,1
611.11,4,1,2,1,3,1,1,3,3,3,1
6300,4,4,3,4,7,4,3,3,3,3,3
10500,4,4,3,4,5,4,3,3,3,3,4
1875,4,4,3,3,4,4,3,3,3,3,3
2450,4,4,3,3,4,4,3,3,3,3,2
3500,4,4,3,4,5,4,3,3,3,3,4
5800,3,4,3,3,3,4,3,3,3,3,4
0,4,4,3,4,4,4,3,3,3,3,3
2350,4,4,3,4,4,4,3,3,3,3,2
11400,4,4,3,4,7,4,3,3,3,3,4
3500,4,4,3,4,3,4,3,3,3,3,1
6750,4,4,3,4,6,4,3,3,3,3,4
1666.7,4,4,3,4,3,4,3,3,3,3,4
2883.3,4,4,3,3,3,4,3,3,3,3,4
0,4,4,3,4,2,4,3,3,3,3,1
3333.3,4,4,3,3,5,4,3,3,3,3,4
3375,3,4,3,3,4,4,3,3,3,3,2
8000,4,4,3,4,5,4,3,3,3,3,3
2000,4,4,3,4,3,4,3,3,3,3,1
4850,4,4,3,4,5,4,3,3,3,3,1
15750,4,4,3,4,7,4,3,3,3,3,3
4500,4,4,3,4,4,4,3,3,3,3,4
1116.7,4,4,3,3,3,4,3,3,3,3,4
11250,4,4,3,4,5,4,3,3,3,3,4
5500,4,4,3,4,3,4,3,3,3,3,2
8900,4,4,3,4,5,4,3,3,3,3,3
2400,4,4,3,2,5,4,3,3,3,3,3
6400,4,4,3,3,7,4,3,3,3,3,2
1933.3,4,4,3,4,5,4,3,3,3,3,1
15000,4,4,3,4,5,4,3,3,3,3,4
3425,4,4,3,3,5,4,3,3,3,3,4
3800,3,4,3,4,3,4,3,3,3,3,1
9000,4,4,3,3,7,4,3,3,3,3,4
25000,4,4,3,4,7,4,3,3,3,3,1
13000,4,4,3,4,7,4,3,3,3,3,1
2830,4,4,3,3,4,4,3,3,3,3,2
10000,4,4,3,4,5,4,3,3,3,3,3
1000,4,4,3,3,6,4,3,3,3,3,1
7000,4,4,3,4,3,4,3,3,3,3,1
5200,4,4,3,2,4,4,3,3,3,3,4
6750,4,4,3,4,5,4,3,3,3,3,3
2000,4,4,3,3,5,4,3,3,3,3,4
6500,4,4,3,4,5,4,3,3,3,3,3
4400,4,4,3,4,3,4,3,3,3,3,1
8750,4,4,3,4,3,4,3,3,3,3,3
2720,4,4,3,3,3,4,3,3,3,3,1
0,4,4,3,4,7,4,3,3,3,3,3
3333.3,4,4,3,4,7,4,3,3,3,3,2
2000,4,4,3,3,5,4,3,3,3,3,3
500,4,4,3,1,5,4,3,3,3,3,2
3250,4,4,3,4,4,4,3,3,3,3,1
793.75,4,4,3,3,3,4,3,3,3,3,2
19000,4,4,3,4,5,4,3,3,3,3,3
4000,4,4,3,4,3,4,3,3,3,3,1
5300,4,4,3,4,3,4,3,3,3,3,3
10000,4,4,3,4,5,4,3,3,3,3,4
10750,4,4,3,3,5,4,3,3,3,3,4
1833.3,4,4,3,2,4,3,3,3,3,3,4
1250,4,3,3,3,4,4,3,3,3,3,4
3700,4,4,3,4,6,4,3,3,3,3,1
6750,4,4,3,4,4,4,3,3,3,3,4
6400,4,4,3,3,5,4,3,3,3,3,3
4000,4,4,3,3,5,4,3,3,3,3,2
1474,4,4,3,3,2,4,3,3,3,3,1
11667,4,4,3,4,6,4,3,3,3,3,3
2164,4,4,3,4,1,4,3,3,3,3,1
10000,4,4,3,4,7,4,3,3,3,3,2
9000,4,4,3,4,5,4,3,3,3,3,2
5000,4,4,3,4,3,4,3,3,3,3,1
10000,4,4,3,4,7,4,3,3,3,3,2
3000,4,4,3,3,5,4,3,3,3,3,2
4250,4,4,3,4,7,4,3,3,3,3,1
6500,4,4,3,3,5,4,3,3,3,3,1
7000,4,4,3,4,6,4,3,3,3,3,4
3000,4,4,3,4,5,4,3,3,3,3,4
733.33,4,4,3,2,2,4,3,3,3,3,2
8000,4,4,3,4,5,3,3,3,3,3,3
400,3,3,3,2,3,3,3,3,3,3,2
7000,4,4,2,4,4,4,3,3,3,3,4
2500,4,4,3,3,4,4,3,3,3,3,4
11000,4,4,3,4,7,4,3,3,3,3,2
6500,4,4,3,4,7,4,3,3,3,3,2
4500,4,4,3,4,5,4,3,3,3,3,4
2000,4,4,3,2,3,4,3,3,3,3,1
2000,4,4,3,4,6,4,3,3,3,3,1
6666.7,4,4,3,4,7,4,3,3,3,3,2
7200,4,4,3,3,4,4,3,3,3,3,3
3500,4,4,3,4,4,4,3,3,3,3,4
4000,4,4,3,4,3,4,3,3,3,3,4
3125,4,4,3,4,3,4,3,3,3,3,1
8400,4,4,3,4,7,4,3,3,3,3,2
6540,4,4,3,3,4,4,3,3,3,3,4
2000,4,2,3,2,4,4,3,3,3,3,4
5825,4,4,3,3,7,4,3,3,3,3,3
5500,4,4,3,4,4,4,3,3,3,3,2
3300,4,4,3,3,4,4,3,3,3,3,4
1112.5,4,4,3,4,7,4,3,3,3,3,3
3000,4,4,3,4,5,4,3,3,3,3,1
1666.7,4,4,3,4,5,4,3,3,3,3,2
5366.7,4,4,3,3,6,4,3,3,3,3,2
4466.7,4,4,3,4,6,4,3,3,3,3,3
5000,4,4,3,4,4,4,3,3,3,3,3
2750,4,4,3,4,6,4,3,3,3,3,1
3750,4,4,3,4,7,4,3,3,3,3,2
772.5,4,4,3,3,6,4,3,3,3,3,1
1500,4,4,3,4,3,4,3,3,3,3,3
4833.3,4,4,3,4,7,4,3,3,3,3,2
3500,4,4,3,4,3,4,3,3,3,3,1
2575,4,3,3,4,5,4,3,3,3,3,2
3250,4,4,3,4,5,4,3,3,3,3,4
7250,4,4,2,3,6,3,3,3,3,1,4
766.67,4,4,3,2,4,4,3,3,3,3,1
996.67,4,4,3,2,4,3,3,3,3,3,2
6000,4,4,3,4,5,4,3,3,3,3,1
4750,4,4,3,4,7,4,3,3,3,3,1
500,4,4,3,4,3,4,3,3,3,3,2
1750,4,4,3,4,5,4,3,3,3,3,2
1250,4,2,3,3,5,4,3,3,3,3,2
1890,4,4,3,4,4,4,3,3,3,3,1
2900,4,4,3,4,7,3,3,3,3,3,2
2740,4,4,3,3,3,4,3,3,3,3,2
4125,4,4,3,4,7,4,3,3,3,3,2
5500,4,4,3,4,2,4,3,3,3,3,1
3645,4,4,3,3,4,4,3,3,3,3,2
1250,4,4,3,3,7,4,3,3,3,3,2
6000,4,4,3,3,5,4,3,3,3,3,4
1200,4,4,3,3,5,4,3,3,3,3,4
3070,3,4,3,4,3,4,3,3,3,3,1
3375,4,4,3,4,7,4,3,3,3,3,2
4250,4,4,3,3,3,4,3,3,3,3,1
1950,4,4,3,3,3,2,3,3,3,3,3
5000,4,4,3,4,5,4,3,3,3,3,4
3300,4,4,3,4,5,4,3,3,3,3,1
4000,4,4,3,4,2,4,3,3,3,3,3
2800,4,4,3,4,7,4,3,3,3,3,1
3740,4,4,3,3,4,4,3,3,3,3,4
3666.7,4,4,3,4,7,4,3,3,3,3,2
1333.3,4,4,3,4,4,4,3,3,3,3,2
15000,4,4,3,4,2,4,3,3,3,3,1
3566.7,4,4,3,4,3,4,3,3,3,3,1
12000,4,4,3,4,3,4,3,3,3,3,1
6375,4,4,3,1,4,4,3,3,3,3,2
7250,4,4,3,3,6,4,3,3,3,3,4
0,4,4,3,4,5,4,3,3,3,3,4
1500,4,4,3,4,6,4,3,3,3,3,3
4666.7,4,4,3,4,7,4,3,3,3,3,3
8000,4,4,3,4,3,4,3,3,3,3,1
7000,4,4,3,3,4,4,3,3,3,3,4
4500,4,4,3,4,7,3,3,3,3,3,2
4200,4,4,3,4,5,4,3,3,3,3,1
7333.3,4,4,3,3,4,4,3,3,3,3,2
6750,4,4,3,3,5,4,3,3,3,3,1
1166.7,4,4,3,4,5,4,3,3,3,3,1
2250,4,4,3,3,5,4,3,3,3,3,3
0,4,4,3,4,4,4,3,3,3,3,1
1050,4,3,3,4,2,4,3,3,3,3,2
3875,4,4,3,3,3,4,3,3,3,3,1
5340,3,4,3,3,5,4,3,3,3,3,2
7350,4,4,3,4,7,4,3,3,3,3,2
1050,4,4,3,3,3,4,3,3,3,3,2
1140,4,4,3,3,4,4,3,3,3,3,2
12000,4,4,3,4,5,4,3,3,3,3,3
5500,4,4,3,4,4,4,3,3,3,3,4
3950,4,4,3,4,4,4,3,3,3,3,2
25000,4,4,3,4,7,4,3,3,3,3,3
4250,4,4,3,4,6,4,3,3,3,3,2
2500,4,4,3,4,4,4,3,3,3,3,2
5000,4,4,3,4,3,4,3,3,3,3,1
5200,4,4,3,2,5,4,3,3,3,3,3
3000,4,4,3,4,5,4,3,3,3,3,1
800,4,4,3,3,2,4,3,3,3,3,1
2000,4,4,3,3,6,4,3,3,3,3,1
3850,4,4,3,3,3,4,3,3,3,3,1
3557.1,3,4,3,3,5,4,3,3,3,3,3
1750,4,4,2,3,3,4,3,3,3,3,1
3833.3,4,4,3,4,3,4,3,3,3,3,3
3520,4,4,3,4,7,4,3,3,3,3,1
1430,4,3,2,3,2,2,3,3,3,3,4
4900,4,4,3,4,7,4,3,3,3,3,4
1140,4,4,3,4,3,4,3,3,3,3,3
1900,4,4,3,4,2,4,3,3,3,3,1
937.5,4,4,3,3,2,4,3,3,3,3,1
1600,4,4,3,3,2,4,3,3,3,3,3
3160,4,4,3,3,3,4,3,3,3,3,4
1700,4,1,2,1,3,1,1,3,2,3,4
17300,4,4,3,4,4,4,3,3,3,3,2
1500,4,4,3,3,5,4,3,3,3,3,2
9990,4,4,3,4,5,4,3,3,3,3,3
2000,4,4,3,4,2,4,3,3,3,3,1
6125,4,4,3,4,5,4,3,3,3,3,4
1300,4,4,3,4,1,4,3,3,3,3,2
4333.3,4,4,3,4,6,4,3,3,3,3,4
11034,4,4,3,3,3,4,3,3,3,3,3
2985,4,4,2,3,5,3,2,3,3,3,2
3500,4,4,3,4,4,4,3,3,3,3,2
10900,4,4,3,4,5,4,3,3,3,3,4
7000,4,4,3,4,3,4,3,3,3,3,3
3650,4,4,3,4,3,4,3,3,3,3,1
16000,4,4,3,4,5,4,3,3,3,3,3
6750,4,4,3,4,3,4,3,3,3,3,1
4233.3,4,4,3,4,5,4,3,3,3,3,1
1500,4,4,3,4,2,4,3,3,3,3,1
9700,4,4,2,4,6,4,3,2,3,3,2
4750,4,4,3,4,5,3,3,3,3,3,2
2000,4,4,3,4,3,4,3,3,3,3,1
2633.3,4,4,3,4,4,4,3,3,3,3,1
2833.3,4,4,3,4,5,4,3,3,3,3,4
6675,4,4,3,4,7,3,3,3,3,3,1
3400,4,4,3,4,5,4,3,3,3,3,1
3300,4,4,3,4,7,4,3,3,3,3,2
1600,4,4,3,3,5,4,3,3,3,3,1
5550,4,4,3,4,3,4,3,3,3,3,1
3250,4,4,3,4,6,4,3,3,3,3,3
1800,4,4,3,2,3,4,3,3,3,3,3
6000,4,4,3,4,7,4,3,3,3,3,3
18000,4,4,3,4,3,4,3,3,3,3,4
1000,4,4,3,1,5,4,3,3,3,3,2
2500,4,4,3,3,3,4,3,3,3,3,2
2375,4,4,3,3,5,4,3,3,3,3,1
5000,4,4,3,4,3,4,3,3,3,3,1
2180,4,4,3,3,5,4,3,3,3,3,4
3050,4,4,3,4,6,4,3,3,3,3,3
11000,4,4,3,4,4,4,3,3,3,3,2
3750,4,4,3,4,7,4,3,3,3,3,3
7000,4,4,3,4,3,4,3,3,3,3,1
14400,4,4,3,4,7,4,3,3,3,3,4
10000,4,3,3,4,2,3,2,3,3,3,3
7200,4,4,3,4,4,4,3,3,3,3,4
3250,4,4,3,3,5,4,3,3,3,3,4
4500,4,4,3,4,5,4,3,3,3,3,1
6250,4,4,3,3,4,4,3,3,3,3,3
2000,4,4,2,4,5,3,3,3,3,3,3
6650,4,4,3,4,5,4,3,3,3,3,3
14333,4,4,3,4,3,4,3,3,3,3,2
3500,4,4,3,3,3,4,3,3,3,3,3
5000,4,4,3,4,3,4,3,3,3,3,1
3000,4,4,3,4,3,4,3,3,3,3,2
1400,4,4,3,3,5,3,3,3,3,3,2
1056.7,4,3,2,1,4,3,2,3,2,3,4
5050,4,4,3,4,5,4,3,3,3,3,1
3400,4,4,3,4,3,4,3,3,3,3,1
2000,4,4,3,4,3,4,3,3,3,3,1
4000,4,4,3,4,5,4,3,3,3,3,4
8333.3,4,4,3,4,6,4,3,3,3,3,3
11000,4,4,3,4,5,4,3,3,3,3,3
6000,4,4,3,4,5,4,3,3,3,3,4
20000,4,4,3,4,6,4,3,3,3,3,3
1662.5,4,4,3,2,6,4,3,3,3,3,1
8500,4,4,3,4,4,4,3,3,3,3,3
1750,4,4,3,3,5,4,3,3,3,3,4
23000,4,4,3,4,7,4,3,3,3,3,3
2000,4,4,3,4,7,4,3,3,3,3,2
10150,4,4,3,4,4,4,3,3,3,3,3
900,4,4,2,3,4,3,3,3,3,3,2
2800,4,4,2,3,4,3,3,3,3,1,3
5000,4,4,3,4,6,4,3,3,3,3,1
2800,4,4,3,3,2,4,3,3,3,3,4
3000,4,4,3,3,5,4,3,3,3,3,3
4166.7,4,4,3,4,2,4,3,3,3,3,1
1800,4,4,3,3,3,4,3,3,3,3,4
2000,3,4,3,3,2,4,3,3,3,3,3
12000,4,4,3,4,6,4,3,3,3,3,3
684,4,4,3,2,4,4,3,3,3,3,2
7000,4,4,3,4,6,4,3,3,3,3,2
8000,4,4,3,4,5,4,3,3,3,3,4
13000,4,4,3,4,7,4,3,3,3,3,2
7375,4,4,3,4,3,4,3,3,3,3,1
5000,3,4,3,3,7,4,3,3,3,3,4
3175,4,4,3,4,5,4,3,3,3,3,4
8000,4,4,3,4,5,4,3,3,3,3,4
3100,4,4,3,4,4,4,3,3,3,3,1
3500,4,4,3,4,6,4,3,3,3,3,4
17750,4,4,3,4,6,4,3,3,3,3,4
2650,4,4,3,3,1,4,3,3,3,3,1
1750,4,4,3,4,6,4,3,3,3,3,2
1870,4,4,3,3,3,4,3,3,3,3,4
3250,3,4,3,3,4,4,3,3,3,3,2
3375,4,4,3,4,5,4,3,3,3,3,4
8333.3,4,4,3,4,5,4,3,3,3,3,1
1160,4,4,3,2,3,4,3,3,3,3,2
3500,4,4,3,4,3,4,3,3,3,3,1
2000,4,1,1,4,4,1,1,1,2,3,2
4666.7,4,4,3,4,5,4,3,3,3,3,3
950,4,4,3,3,5,4,3,3,3,3,1
4800,4,4,3,4,3,4,3,3,3,3,4
4000,4,4,3,4,3,4,3,3,3,3,2
8000,4,3,3,4,4,4,3,3,3,3,1
2400,3,4,3,4,3,4,3,3,3,3,1
532,4,4,3,2,3,3,3,3,3,3,1
4000,4,4,3,4,2,4,3,3,3,3,4
5000,4,4,2,4,6,3,3,3,3,1,4
7000,4,4,3,4,5,4,3,3,3,3,3
2220,4,4,3,1,4,4,3,3,3,3,2
3500,4,4,2,3,5,4,3,3,3,3,4
3000,4,4,3,4,5,4,3,3,3,3,1
6125,4,4,3,4,4,4,3,3,3,3,3
4333.3,4,4,3,4,3,4,3,3,3,3,1
0,3,4,2,3,2,4,3,3,3,3,1
2000,4,4,3,2,4,4,3,3,3,3,4
1033.3,3,4,3,3,2,4,3,3,3,3,1
2833.3,4,4,3,3,6,4,3,3,3,3,2
4000,4,4,3,3,3,4,3,3,3,3,4
3000,4,4,3,4,4,4,3,3,3,3,2
4375,4,4,3,3,5,4,3,3,3,3,4
188.89,4,4,3,3,3,4,3,3,3,3,1
1325,4,4,3,3,3,4,3,3,3,3,4
2750,4,3,3,3,3,4,2,3,3,3,3
6225,4,4,3,4,6,4,3,3,3,3,3
783.33,4,4,3,2,3,4,3,3,3,3,2
7666.7,4,4,3,4,3,4,3,3,3,3,4
10000,4,4,3,4,6,4,3,3,3,3,2
575,4,3,3,3,4,4,3,3,3,3,1
1142.5,4,4,3,3,4,4,3,3,3,3,2
5800,4,4,3,3,5,4,3,3,3,3,2
833.33,4,3,3,4,5,4,3,3,3,3,4
3900,4,4,3,4,3,4,3,3,3,3,4
1200,4,4,3,3,4,4,3,3,3,3,3
2000,4,3,3,3,4,4,3,3,3,3,4
2500,4,4,3,1,5,4,3,3,3,3,4
2800,4,4,3,4,3,4,3,3,3,3,1
875,4,3,3,3,3,4,3,3,3,3,3
800,4,4,3,3,4,4,3,3,3,3,3
6666.7,4,4,3,4,7,4,3,3,3,3,2
7000,4,4,3,4,2,4,3,3,3,3,1
4540,3,4,3,4,5,4,3,3,3,3,4
5000,3,4,3,4,2,4,3,3,3,3,1
1666.7,4,3,3,4,1,4,3,3,3,3,1
2875,4,4,3,3,4,4,3,3,3,3,4
2950,4,4,3,4,5,4,3,3,3,3,3
3000,3,4,3,4,4,4,3,3,3,3,4
5166.7,4,4,3,4,2,4,3,3,3,3,1
972,4,4,3,1,2,4,3,3,3,3,1
8333.3,4,4,3,3,7,4,3,3,3,3,2
300,4,4,3,4,5,4,3,3,3,3,1
3750,4,4,3,3,2,4,3,3,3,3,3
9600,4,4,3,4,7,4,3,3,3,3,1
2333.3,4,4,3,4,7,4,3,3,3,3,3
750,4,4,3,3,4,4,3,3,3,3,2
2800,4,4,3,2,5,4,3,3,3,3,2
1800,4,4,3,4,3,4,3,3,3,3,2
1000,4,4,3,4,2,4,3,3,3,3,1
20250,4,4,3,4,4,4,3,3,3,3,4
2400,4,4,3,4,3,4,3,3,3,3,1
3500,4,4,3,3,5,4,3,3,3,3,4
3000,4,4,3,3,5,4,3,3,3,3,4
4000,4,4,3,4,2,4,3,3,3,3,1
232.5,4,4,3,4,3,4,3,3,3,3,1
4633.3,4,4,3,4,4,4,3,3,3,3,2
1875,4,4,3,3,4,4,3,3,3,3,4
2700,3,4,3,3,2,4,3,3,3,3,2
6000,4,4,3,4,5,4,3,3,3,3,1
2900,3,4,3,4,3,4,3,3,3,3,2
8000,4,4,3,4,4,4,3,3,3,3,1
2723.3,4,4,3,4,4,4,3,3,3,3,4
10000,3,4,3,4,5,4,3,3,3,3,1
2400,4,4,3,4,7,4,3,3,3,3,4
4000,4,4,3,4,3,4,3,3,3,3,4
2600,4,3,3,4,4,1,1,1,2,3,2
19000,4,4,3,4,7,3,3,3,3,3,2
2533.3,4,4,3,3,2,4,3,3,3,3,1
3000,4,4,3,3,4,4,3,3,3,3,2
3000,4,4,3,3,3,4,3,3,3,3,4
5000,4,4,3,4,3,4,3,3,3,3,4
2900,4,4,3,4,2,4,3,3,3,3,1
621.43,4,4,3,2,3,4,3,3,3,3,2
4550,4,4,3,4,4,4,3,3,3,3,2
2500,4,4,3,3,7,4,3,3,3,3,4
1000,3,3,3,3,3,4,3,3,3,3,3
16000,4,4,3,4,3,4,3,3,3,3,2
1673.3,4,4,3,3,4,4,3,3,3,3,4
6333.3,4,4,2,3,4,3,2,3,3,1,4
2500,4,4,3,3,5,4,3,3,3,3,4
8000,4,4,3,4,7,4,3,3,3,3,1
1000,3,4,3,3,5,4,3,3,3,3,4
12000,4,4,3,4,6,4,3,3,3,3,2
4025,4,4,3,3,4,4,3,3,3,3,3
8500,4,4,3,4,5,4,3,3,3,3,2
2666.7,4,4,3,4,7,4,3,3,3,3,1
7000,4,4,3,4,5,4,3,3,3,3,3
7050,4,4,3,4,5,4,3,3,3,3,1
1000,4,4,3,4,4,4,3,3,3,3,2
2800,4,4,3,3,4,4,3,3,3,3,4
3700,4,4,3,3,4,4,3,3,3,3,2
4000,4,4,3,3,5,4,3,3,3,3,3
3616.7,4,4,3,2,3,4,3,3,3,3,4
3800,4,4,3,4,7,4,3,3,3,3,3
600,4,4,3,1,4,4,3,3,3,3,1
3750,4,4,3,4,7,4,3,3,3,3,2
1142,4,4,3,3,2,4,3,3,3,3,4
1652.9,4,4,3,3,6,4,3,3,3,3,1
3100,4,3,3,4,3,4,3,3,3,3,2
2700,4,3,3,3,3,4,3,3,3,3,2
2542.9,3,4,3,3,4,4,3,3,3,3,2
771.67,4,4,3,4,3,4,3,3,3,3,4
1250,4,4,3,3,4,4,3,3,3,3,3
1493.1,4,4,3,2,3,4,3,3,3,3,4
6000,4,4,3,4,3,4,3,3,3,3,1
500,4,4,3,4,4,4,3,3,3,3,2
2250,4,4,3,3,5,4,3,3,3,3,2
5733.3,4,4,3,3,4,4,3,3,3,3,3
2500,4,4,3,3,5,3,3,3,3,3,4
2900,4,4,3,4,5,4,3,3,3,3,4
4833.3,4,4,3,3,5,4,3,3,3,3,4
3783.3,4,4,3,3,3,4,3,3,3,3,4
5250,4,4,3,3,7,4,3,3,3,3,3
15000,4,4,3,4,6,4,3,3,3,3,3
160,4,4,3,3,4,4,3,3,3,3,2
9000,4,4,3,4,6,4,3,3,3,3,3
7700,4,4,3,4,7,4,3,3,3,3,1
3500,4,4,3,4,7,4,3,3,3,3,2
2800,4,4,3,4,1,4,3,3,3,3,1
2451.7,4,4,3,3,4,4,3,3,3,3,1
2500,4,4,3,3,4,4,3,3,3,3,4
12500,4,4,3,4,5,4,3,3,3,3,4
1425,4,4,3,3,4,4,3,3,3,3,2
3000,4,4,3,4,4,4,3,3,3,3,1
1640,4,4,3,3,3,4,3,3,3,3,1
5400,4,4,3,2,5,4,3,3,3,3,3
6666.7,4,4,3,4,5,4,3,3,3,3,4
1150,4,4,3,4,7,4,3,3,3,3,2
4250,4,4,3,3,5,4,3,3,3,3,3
4333.3,1,4,3,3,5,4,3,3,3,3,3
4241.7,4,4,3,3,3,4,3,3,3,3,1
1400,4,4,3,4,1,4,3,3,3,3,1
2933.3,4,3,3,2,5,4,3,3,3,3,3
7250,4,4,3,4,5,4,3,3,3,3,1
8000,4,4,3,4,5,4,3,3,3,3,3
5333.3,4,4,3,4,3,4,3,3,3,3,4
2400,4,4,3,3,3,4,3,3,3,3,2
6250,4,4,3,3,7,4,3,3,3,3,4
2800,4,4,3,4,1,4,3,3,3,3,1
2800,4,4,3,4,3,4,3,3,3,3,1
5000,4,4,3,3,5,4,3,3,3,3,3
525,4,4,2,1,2,3,3,3,3,3,1
3500,4,4,3,4,4,4,3,3,3,3,2
2500,4,4,3,3,4,4,3,3,3,3,1
5500,4,4,3,4,6,4,3,3,3,3,1
3250,4,4,3,4,5,4,3,3,3,3,1
916.67,4,4,2,2,3,4,3,3,3,3,1
1250,4,4,3,4,3,4,3,3,3,3,1
366,4,3,3,2,4,4,3,3,3,3,2
10500,4,4,3,4,6,4,3,3,3,3,4
4799.5,4,4,3,4,4,4,3,3,3,3,4
1500,4,4,3,1,5,4,3,3,3,3,1
12000,4,4,3,4,5,4,3,3,3,3,4
20500,4,4,3,4,3,4,3,3,3,3,4
1750,4,4,3,3,4,4,3,3,3,3,4
3333.3,4,4,3,4,3,4,3,3,3,3,1
3228.6,3,4,3,3,4,4,3,3,3,3,1
5250,4,4,3,4,6,4,3,3,3,3,1
5000,4,4,3,4,5,4,3,3,3,3,1
11250,4,4,3,4,6,4,3,3,3,3,3
7333.3,4,4,3,4,2,4,3,3,3,3,4
425,4,4,3,3,5,4,3,3,3,3,2
5500,4,4,3,4,3,4,3,3,3,3,1
7700,4,4,3,4,6,4,3,3,3,3,2
1900,4,4,3,3,3,4,3,3,3,3,1
3900,3,4,3,4,3,4,3,3,3,3,1
1590,4,4,3,4,6,4,3,3,3,3,4
5750,4,4,3,4,3,4,3,3,3,3,1
5866.7,4,4,3,4,7,4,3,3,3,3,2
2900,4,4,3,4,4,4,3,3,3,3,4
2833.3,4,4,3,2,3,4,3,3,3,3,1
1060,4,4,3,2,4,4,3,3,3,3,3
6500,4,4,3,4,3,4,3,3,3,3,1
6125,4,4,3,4,7,4,3,3,3,3,2
4500,4,4,3,4,5,4,3,3,3,3,4
3333.3,4,4,3,4,7,4,3,3,3,3,2
2833.3,4,4,3,3,4,4,3,3,3,3,4
3000,4,4,3,3,2,4,3,3,3,3,1
1816.7,4,4,3,3,3,4,3,3,3,3,2
2500,4,4,3,4,7,4,3,3,3,3,4
8500,4,4,3,4,7,4,3,3,3,3,1
8200,4,4,3,4,4,4,3,3,3,3,1
8333.3,4,4,3,4,7,4,3,3,3,3,2
13000,4,4,3,4,7,4,3,3,3,3,3
2680,4,4,3,4,5,4,3,3,3,3,1
5000,4,4,3,4,3,4,3,3,3,3,1
3250,4,4,3,4,3,4,3,3,3,3,1
1875,4,4,3,4,3,4,3,3,3,3,4
662.5,4,3,2,2,3,3,3,3,3,3,4
10000,4,4,3,4,5,4,3,3,3,3,4
3133.3,4,4,3,2,6,4,3,3,3,3,3
5500,4,4,3,4,3,4,3,3,3,3,1
5400,4,4,3,4,7,4,3,3,3,3,1
3925,4,4,3,4,6,4,3,3,3,3,2
7000,4,4,3,4,7,4,3,3,3,3,2
2500,4,4,3,4,3,4,3,3,3,3,1
3600,4,4,3,4,5,4,3,3,3,3,4
833.33,4,4,2,2,5,3,3,3,3,3,2
750,4,4,3,4,3,4,3,3,3,3,2
10000,4,4,3,4,7,4,3,3,3,3,3
2800,4,4,2,2,5,3,3,3,3,1,3
2750,4,4,3,3,5,4,3,3,3,3,4
2000,4,4,3,2,4,4,3,3,3,3,4
9500,4,4,3,4,3,4,3,3,3,3,2
767.5,4,4,3,3,4,4,3,3,3,3,1
2160,4,4,3,4,3,4,3,3,3,3,1
2900,4,4,3,4,3,4,3,3,3,3,1
9000,3,4,3,4,2,4,3,3,3,3,3
3000,4,4,3,4,4,4,3,3,3,3,4
8000,4,4,3,4,7,4,3,3,3,3,4
3500,4,4,3,4,3,4,3,3,3,3,1
3750,4,4,3,3,5,4,3,3,3,3,1
866.67,4,4,3,4,5,4,3,3,3,3,1
2375,4,4,3,3,5,4,3,3,3,3,2
7750,4,4,3,4,7,4,3,3,3,3,4
5925,4,4,3,4,4,4,3,3,3,3,1
3700,4,3,2,4,3,3,2,3,2,3,4
1510,4,4,3,3,2,4,3,3,3,3,1
4500,4,4,3,3,7,4,3,3,3,3,1
3000,4,4,3,4,3,4,3,3,3,3,1
1960,4,4,3,3,3,4,3,3,3,3,2
4333.3,4,4,3,3,6,3,3,3,3,3,1
4000,4,4,2,4,2,4,2,2,3,3,3
4000,4,4,3,4,2,4,3,3,3,3,3
10000,4,4,3,4,7,4,3,3,3,3,2
1766.7,4,4,3,4,3,4,3,3,3,3,4
4400,4,4,3,4,7,4,3,3,3,3,1
3750,4,4,3,4,4,4,3,3,3,3,3
2300,4,4,3,3,4,4,3,3,3,3,4
3200,4,4,3,3,5,4,3,3,3,3,1
1666.7,4,4,3,3,2,4,3,3,3,3,1
1460,4,4,3,3,4,4,3,3,3,3,1
2500,4,4,3,4,1,4,3,2,3,3,1
4250,4,4,3,3,7,4,3,3,3,3,4
1666.7,4,4,3,3,3,4,3,3,3,3,4
4000,4,4,3,2,5,1,1,1,3,3,4
2800,4,4,3,4,5,4,3,3,3,3,4
2700,3,4,3,2,6,4,3,3,3,3,4
22000,4,4,3,4,7,4,3,3,3,3,3
8000,3,4,3,4,7,4,3,3,3,3,4
2416.7,4,4,3,2,4,4,3,3,3,3,3
2625,4,4,3,3,5,4,3,3,3,3,4
800,4,4,3,4,3,4,3,3,3,3,4
3500,4,4,3,4,3,4,3,3,3,3,4
821.67,4,4,3,4,3,4,3,3,3,3,1
2000,4,4,2,4,3,4,3,3,3,1,2
1600,4,4,3,3,3,4,3,3,3,3,4
5250,4,4,3,4,3,4,3,3,3,3,1
5000,4,4,3,3,5,4,3,3,3,3,2
3066.7,4,4,3,4,5,4,3,3,3,3,2
5000,4,4,3,3,7,4,3,3,3,3,3
1520,4,3,3,3,5,4,3,3,3,3,2
2900,4,4,3,4,7,4,3,3,3,3,1
2195,4,4,3,4,4,4,3,3,3,3,2
3500,4,4,3,4,2,4,3,3,3,3,3
2450,4,4,3,4,6,4,3,3,3,3,2
7000,4,4,3,3,5,4,3,3,3,3,4
4600,4,4,3,4,5,4,3,3,3,3,1
1380.8,4,4,3,1,4,4,3,3,3,3,4
4550,4,4,3,3,4,4,3,3,3,3,2
3700,4,4,3,4,3,4,3,3,3,3,2
3750,4,4,3,4,6,4,3,3,3,3,1
3000,4,4,3,4,3,4,3,3,3,3,1
2050,4,4,3,3,3,4,3,3,3,3,4
3500,4,4,3,4,3,4,3,3,3,3,4
6000,4,4,3,4,2,4,3,3,3,3,1
3725,4,4,3,4,3,4,3,3,3,3,2
1096,4,4,3,2,3,4,3,3,3,3,2
3125,4,4,3,3,3,4,3,3,3,3,4
1200,4,4,2,4,6,4,2,2,3,3,1
17000,4,4,3,4,7,4,3,3,3,3,3
5750,4,4,3,4,6,4,3,3,3,3,1
2033.3,4,4,3,2,4,4,3,3,3,3,1
1816.7,4,2,3,3,3,2,3,3,3,3,4
2866.7,4,4,3,4,7,4,3,3,3,3,2
2600,4,4,3,3,5,4,3,3,3,3,2
5725,4,4,3,3,4,4,3,3,3,3,1
8000,4,4,3,3,5,4,3,3,3,3,1
1166.7,4,3,3,4,3,4,3,3,3,3,1
2800,4,1,3,4,2,3,2,3,2,3,1
1657.5,4,4,3,3,3,4,3,3,3,3,2
2000,4,4,3,4,4,4,3,3,3,3,4
5250,4,4,3,4,7,4,3,3,3,3,1
4700,4,4,3,4,5,4,3,3,3,3,2
6250,4,4,3,4,7,4,3,3,3,3,2
7000,4,4,3,4,7,4,3,3,3,3,1
4000,4,4,3,3,4,4,3,3,3,3,4
22333,4,4,3,4,7,4,3,3,3,3,2
3250,4,4,3,3,3,4,3,3,3,3,3
1371.4,4,4,3,2,3,4,3,3,3,3,1
1550,4,2,2,4,4,4,2,3,3,3,2
2375,4,4,3,4,2,4,3,3,3,3,1
2500,4,4,3,4,6,4,3,3,3,3,2
5000,4,4,3,4,7,4,3,3,3,3,3
933.33,4,4,3,4,3,4,3,3,3,3,4
5500,4,4,3,4,7,4,3,3,3,3,2
3800,4,4,3,4,4,4,3,3,3,3,1
5166.7,4,4,3,4,5,4,3,3,3,3,4
8300,3,4,3,4,7,4,3,3,3,3,4
2500,4,4,3,3,7,4,3,3,3,3,3
3000,4,4,3,4,3,4,3,3,3,3,2
4666.7,4,4,3,4,5,4,3,3,3,3,3
5666.7,4,4,3,3,5,4,3,3,3,3,4
6000,4,4,3,4,4,4,3,3,3,3,1
3250,4,4,3,4,7,4,3,3,3,3,2
4200,4,4,3,4,7,4,3,3,3,3,1
2625,4,4,3,4,4,4,3,3,3,3,1
2750,4,4,3,3,6,4,3,3,3,3,2
3500,4,4,3,4,3,4,3,3,3,3,1
3128.6,3,4,3,3,3,4,3,3,3,3,3
2346.7,4,4,3,2,4,4,3,3,3,3,2
1338.5,4,4,3,3,2,4,3,3,3,3,4
4275,4,4,2,1,4,3,3,3,3,1,3
13000,4,4,3,4,7,4,3,3,3,3,2
5500,4,4,3,4,3,4,3,3,3,3,1
1833.3,3,4,3,2,4,4,3,3,3,3,4
10750,4,4,3,4,2,4,3,3,3,3,2
400,4,4,3,2,3,4,3,3,3,3,1
8000,4,4,3,4,4,4,3,3,3,3,4
6750,4,4,3,4,6,4,3,3,3,3,3
1333.3,4,4,3,4,5,4,3,3,3,3,4
4400,4,4,3,4,3,4,3,3,3,3,1
2025,4,4,3,4,6,4,3,3,3,3,3
5350,4,4,3,3,7,4,3,3,3,3,2
8066.7,4,4,3,4,7,4,3,3,3,3,3
2433.3,4,4,3,4,3,4,3,3,3,3,4
1320,4,4,3,2,2,4,3,3,3,3,3
2250,4,4,3,4,4,4,3,3,3,3,1
8333.3,4,4,3,4,5,4,3,3,3,3,3
8060,4,4,3,4,4,4,3,3,3,3,2
2000,4,4,3,3,5,3,3,3,3,3,2
20000,4,4,3,4,2,4,3,3,3,3,1
7500,4,4,3,4,5,4,3,3,3,3,1
1666.7,4,4,3,3,4,4,3,3,3,3,4
7250,4,4,3,4,7,4,3,3,3,3,2
5750,4,4,3,4,5,4,3,3,3,3,2
5000,4,4,3,4,6,4,3,3,3,3,2
6500,4,4,3,4,3,4,3,3,3,3,3
1250,4,4,3,4,3,4,3,3,3,3,1
2375,4,4,2,1,4,3,3,3,3,1,4
1000,4,4,3,4,5,4,3,3,3,3,2
7000,4,4,3,4,7,3,3,3,3,3,1
4266.7,4,4,3,4,3,4,3,3,3,3,3
3000,4,4,3,4,3,4,3,3,3,3,2
675,4,4,3,3,4,4,3,3,3,3,1
5000,4,4,3,4,7,4,3,3,3,3,4
5100,4,4,3,4,7,4,3,3,3,3,3
6750,4,4,3,3,6,4,3,3,3,3,4
1000,4,4,3,4,5,4,3,3,3,3,2
9150,4,4,3,4,2,4,3,3,3,3,4
2000,4,4,3,4,2,4,3,3,3,3,1
4150,4,4,2,3,4,1,1,1,2,3,4
2800,4,4,3,4,3,4,3,3,3,3,1
3333.3,4,4,3,4,3,4,3,3,3,3,1
6400,4,4,3,4,6,4,3,3,3,3,1
3000,4,4,3,3,3,4,3,3,3,3,4
3533.3,4,4,3,4,2,4,3,3,3,3,1
2750,4,4,3,3,4,4,3,3,3,3,4
2000,4,4,3,3,3,4,3,3,3,3,3
1600,4,4,3,4,4,4,3,3,3,3,4
7500,4,4,3,4,3,4,3,3,3,3,4
2000,4,4,2,2,5,3,3,3,3,1,3
1240,4,4,3,3,3,4,3,3,3,3,4
8000,3,4,3,4,3,4,3,3,3,3,3
14500,4,4,3,4,7,4,3,3,3,3,2
300,4,4,3,3,3,4,3,3,3,3,2
1500,4,4,3,4,6,4,3,3,3,3,1
0,4,2,3,2,5,4,3,1,3,3,1
10000,4,4,3,4,4,4,3,3,3,3,3
1125,4,4,3,3,5,4,3,3,3,3,4
1400,4,4,3,3,4,4,3,3,3,3,4
3800,4,4,3,3,4,4,3,3,3,3,4
6000,4,4,3,4,5,4,3,3,3,3,4
3875,4,4,3,3,3,4,3,3,3,3,2
1750,4,4,3,4,2,4,3,3,3,3,1
2666.7,4,4,3,4,3,4,3,3,3,3,4
3475,4,4,3,4,4,4,3,3,3,3,1
825,4,3,3,4,1,4,3,2,3,3,1
4333.3,4,4,3,4,7,4,3,3,3,3,2
1500,4,4,3,1,3,4,3,3,3,3,3
1425,4,3,3,1,4,2,3,3,3,3,3
1571.4,3,4,3,3,4,4,3,3,3,3,4
4200,4,4,3,4,5,4,3,3,3,3,3
1717.1,4,4,3,2,1,4,3,3,3,3,1
1300,4,4,3,1,3,4,3,3,3,3,4
3500,4,4,3,4,3,4,3,3,3,3,1
6000,4,4,3,2,3,4,3,3,3,3,4
6428.6,4,4,3,3,5,4,3,3,3,3,1
7050,4,4,3,4,3,4,3,3,3,3,1
6250,4,4,3,4,7,4,3,3,3,3,4
4887.5,4,4,3,4,2,4,3,3,3,3,1
950,4,4,3,4,4,4,3,3,3,3,1
3280,4,4,3,3,5,4,3,3,3,3,1
700,4,4,3,4,4,4,3,3,3,3,2
6400,4,4,3,4,5,4,3,3,3,3,4
2400,4,4,3,4,3,1,1,1,3,3,4
1250,4,3,3,1,3,4,3,3,3,3,4
1933.3,4,4,3,4,3,4,3,3,3,3,4
3666.7,4,4,3,3,6,4,3,3,3,3,4
5625,4,4,3,4,7,4,3,3,3,3,1
11500,4,4,3,4,5,4,3,3,3,3,4
3266.7,4,4,3,3,5,4,3,3,3,3,4
4450,4,4,3,4,6,3,3,3,3,3,2
3800,4,4,3,4,5,4,3,3,3,3,1
12250,4,4,3,4,6,4,3,3,3,3,1
2500,4,4,3,3,4,4,3,3,3,3,1
2075,4,4,3,3,2,4,3,3,3,3,3
5000,4,4,3,3,4,4,3,3,3,3,2
5333.3,4,4,3,4,5,4,3,3,3,3,4
2200,4,4,3,3,4,4,3,3,3,3,4
6000,4,4,3,4,5,4,3,3,3,3,1
3500,4,4,3,3,7,4,3,3,3,3,4
6666.7,4,4,3,4,7,4,3,3,3,3,4
300,4,4,3,4,4,4,3,3,3,3,1
13540,4,4,3,4,7,4,3,3,3,3,2
2000,4,4,3,4,5,4,3,3,3,3,1
1240,4,3,3,1,3,4,3,1,3,3,3
9000,4,4,3,4,5,4,3,3,3,3,3
2500,4,4,3,4,6,4,3,3,3,3,1
1550,4,2,3,4,3,4,3,3,3,3,3
9600,4,4,3,4,5,4,3,3,3,3,4
9000,4,4,3,4,5,4,3,3,3,3,3
1416.7,4,4,3,3,4,4,3,3,3,3,4
1666.7,2,4,3,4,4,4,3,3,3,3,4
1166.7,4,3,3,4,3,4,3,3,3,3,4
2660,1,4,2,4,4,1,1,1,3,3,3
3525,4,4,3,4,3,4,3,3,3,3,4
24000,4,4,3,4,6,4,3,3,3,3,3
5000,4,4,3,4,7,4,3,3,3,3,2
2900,4,4,3,3,3,4,3,3,3,3,1
2000,4,4,3,3,3,4,3,3,3,3,1
7000,4,4,3,4,5,4,3,3,3,3,2
8000,4,3,3,4,4,4,3,3,3,3,3
2500,4,4,3,4,2,4,3,3,3,3,3
10000,4,4,3,4,7,4,3,3,3,3,2
3333.3,4,4,3,3,4,4,3,3,3,3,3
3500,4,4,3,3,3,4,3,3,3,3,4
3333.3,4,4,3,4,3,4,3,3,3,3,2
3000,4,4,3,3,3,4,3,3,3,3,3
1933.3,4,4,3,2,3,4,3,3,3,3,4
3200,4,4,3,3,7,4,3,3,3,3,4
2400,4,4,3,3,4,4,3,3,3,3,4
3800,4,4,3,3,5,4,3,3,3,3,2
3500,4,4,3,4,6,4,3,3,3,3,2
10900,4,4,3,4,3,4,3,3,3,3,4
6000,4,4,3,4,3,4,3,3,3,3,1
2000,4,4,3,3,3,4,3,3,3,3,3
4128.6,4,4,3,3,5,4,3,3,3,3,2
5500,4,4,3,4,5,4,3,3,3,3,3
7625,4,4,3,3,4,4,3,3,3,3,4
3000,4,4,3,4,5,4,3,3,3,3,1
9500,4,4,3,4,2,4,3,3,3,3,2
51.43,4,3,3,2,2,4,3,3,3,3,1
5300,4,4,3,4,5,4,3,3,3,3,1
4900,4,4,3,4,5,4,3,3,3,3,4
2400,4,4,3,3,3,4,3,3,3,3,3
2500,4,4,3,3,4,4,3,3,3,3,3
8000,4,4,3,4,5,4,3,3,3,3,4
2316,4,3,3,3,3,4,3,3,3,3,2
5600,4,4,3,4,7,4,3,3,3,3,1
5250,4,4,3,4,7,4,3,3,3,3,1
6500,4,4,3,4,6,4,3,3,3,3,1
4333.3,4,4,3,4,6,4,3,3,3,3,2
2833.3,4,4,3,3,3,4,2,3,3,3,1
10500,4,4,3,4,7,4,3,3,3,3,4
1050,4,4,3,3,4,4,3,3,3,3,1
3000,4,4,3,4,4,4,3,3,3,3,2
2700,4,4,3,3,5,4,3,3,3,3,1
4000,4,4,3,4,7,4,3,3,3,3,4
3500,4,4,3,4,3,4,3,3,3,3,1
4833.3,4,4,3,4,5,4,3,3,3,3,4
7600,4,4,3,4,6,4,3,3,3,3,3
3175,4,4,3,4,4,4,3,3,3,3,2
4500,4,4,3,4,2,4,3,3,3,3,1
250,4,4,3,4,3,4,3,3,3,3,2
3040,4,4,3,3,2,4,3,3,3,3,1
7000,4,4,3,4,6,4,3,3,3,3,3
503.33,4,3,3,2,3,4,3,3,3,3,3
5400,4,4,3,3,7,4,3,3,3,3,2
4600,4,4,3,4,2,4,3,3,3,3,1
18000,4,4,3,4,5,4,3,3,3,3,2
1000,4,4,3,4,3,4,3,3,3,3,4
4118,4,4,3,4,3,4,3,3,3,3,1
3000,4,4,3,4,5,3,3,3,3,3,3
9666.7,4,4,3,4,7,4,3,3,3,3,3
9000,4,4,3,4,5,4,3,3,3,3,2
3300,4,3,3,4,2,4,3,3,3,3,1
3714.3,4,4,3,3,4,4,3,3,3,3,2
3750,4,4,3,4,4,4,3,3,3,3,4
4850,4,4,3,4,3,4,3,3,3,3,1
2125,4,4,3,3,2,4,3,3,3,3,1
12500,4,4,3,4,7,4,3,3,3,3,4
3825,3,4,3,4,5,4,3,3,3,3,4
8000,4,4,3,4,7,4,3,3,3,3,2
1014.3,4,4,2,1,3,4,3,3,3,3,1
5500,3,4,3,4,3,4,3,3,3,3,2
3733.3,4,4,3,4,2,4,3,3,3,3,1
5000,4,4,3,3,4,4,3,3,3,3,4
5333.3,4,4,3,4,4,4,3,3,3,3,4
6333.3,4,4,3,4,4,4,3,3,3,3,4
2000,4,4,3,4,7,4,3,3,3,3,1
8500,4,4,3,4,7,4,3,3,3,3,3
17667,4,4,3,4,7,4,3,3,3,3,1
2300,4,4,3,4,3,4,3,3,3,3,4
2750,4,4,3,3,3,4,3,3,3,3,1
5866.7,4,4,3,3,3,4,3,3,3,3,4
7000,4,4,3,4,3,4,3,3,3,3,1
1938.8,4,4,3,4,3,4,3,3,3,3,2
1600,4,4,3,3,3,4,3,3,3,3,4
12000,4,4,3,4,7,4,3,3,3,3,3
2000,4,4,3,3,4,4,3,3,3,3,4
750,4,4,3,4,5,4,3,3,3,3,1
3071.4,4,4,3,3,5,4,3,3,3,3,2
4500,4,4,3,4,4,4,3,3,3,3,4
3236.7,2,4,2,3,2,4,3,3,3,3,4
942.86,4,4,3,3,2,4,3,3,3,3,4
12000,4,4,3,4,5,4,3,3,3,3,3
7950,4,4,3,4,6,4,3,3,3,3,3
11500,4,4,3,4,4,4,3,3,3,3,3
3000,4,4,3,3,7,4,3,3,3,3,4
2000,4,4,3,4,4,4,3,3,3,3,1
3000,4,4,3,4,2,4,3,3,3,3,1
12000,4,4,3,4,6,4,3,3,3,3,4
1000,4,4,3,4,3,4,3,3,3,3,4
2125,4,4,3,3,4,4,3,3,3,3,4
18500,4,4,3,4,7,4,3,3,3,3,2
2000,4,4,3,4,2,4,3,3,3,3,1
5000,4,4,3,4,5,4,3,3,3,3,1
3666.7,4,4,3,3,4,4,3,3,3,3,3
561.33,4,4,2,2,3,2,2,3,3,3,4
1250,4,4,3,4,3,4,3,3,3,3,1
7200,4,4,3,4,2,4,3,3,3,3,1
0,4,4,3,4,5,4,3,3,3,3,3
5225,4,4,3,3,7,4,3,3,3,3,3
4500,4,4,3,4,6,4,3,3,3,3,4
20000,4,4,3,4,5,4,3,3,3,3,4
16500,4,4,3,4,7,4,3,3,3,3,3
956,4,2,3,2,4,1,1,1,2,3,2
3500,4,4,3,4,5,4,3,3,3,3,1
2500,4,4,3,4,6,4,3,3,3,3,1
4875,2,4,3,4,4,4,3,3,3,3,3
2800,4,4,3,2,5,4,3,3,3,3,2
4833.3,4,4,3,4,7,4,3,3,3,3,2
11000,4,4,3,4,7,3,2,3,3,3,3
7666.7,4,4,3,4,6,4,3,3,3,3,1
6000,4,1,2,4,4,2,3,3,2,3,4
40000,4,4,3,4,5,4,3,3,3,3,4
250,2,4,3,3,3,4,3,3,3,3,2
3050,4,4,3,4,3,4,3,3,3,3,1
10000,4,4,3,4,5,4,3,3,3,3,3
6333.3,4,4,3,3,5,4,3,3,3,3,4
2240,4,4,3,3,5,4,3,3,3,3,4
2000,4,3,3,2,4,3,3,3,3,3,3
3500,4,4,3,4,3,4,3,3,3,3,2
16000,4,4,3,4,7,4,3,3,3,3,3
2000,4,4,3,4,3,4,3,3,3,3,1
2250,4,4,3,4,3,4,3,3,3,3,1
10000,4,4,3,4,3,4,3,3,3,3,2
3750,4,4,3,3,4,4,3,3,3,3,3
4250,4,4,3,3,7,4,3,3,3,3,3
1158,4,4,3,4,6,4,3,3,3,3,4
2725,4,4,3,4,2,4,3,3,3,3,1
1500,4,4,3,3,3,4,3,3,3,3,3
1600,4,4,3,4,2,4,3,3,3,3,1
1000,4,4,3,4,3,4,3,3,3,3,4
4500,4,4,3,4,6,4,3,3,3,3,2
0,4,4,3,4,5,4,3,3,3,3,1
4333.3,4,4,2,4,5,2,3,3,3,3,2
1185,4,3,3,3,5,4,2,3,3,3,4
0,4,3,1,4,3,2,3,3,3,3,1
9500,4,4,3,4,5,4,3,3,3,3,4
650,4,4,3,3,6,4,3,3,3,3,2
10500,4,4,3,4,7,4,3,3,3,3,2
4000,4,4,3,4,6,4,3,3,3,3,2
3733.3,4,4,3,4,6,4,3,3,3,3,1
1365,2,3,3,1,2,4,3,3,3,3,1
10000,4,4,3,4,6,4,3,3,3,3,4
6400,4,4,3,2,5,4,3,3,3,3,3
5000,4,4,3,3,5,4,3,3,3,3,4
1750,4,4,3,4,7,4,3,3,3,3,2
3250,4,4,3,4,7,4,3,3,3,3,1
8000,4,4,3,4,7,4,3,3,3,3,3
0,4,4,3,4,2,4,3,3,3,3,1
2700,3,4,3,3,7,4,3,3,3,3,3
7750,4,4,3,4,7,4,3,3,3,3,3
1125,4,4,3,3,4,4,3,3,3,3,1
543.75,4,4,3,2,3,4,3,3,3,3,3
600,4,4,3,2,5,4,3,3,3,3,2
2500,4,4,3,4,6,4,3,3,3,3,1
250,4,4,3,3,4,4,3,3,3,3,1
1126.7,4,4,3,4,3,4,3,3,3,3,1
1230,4,4,3,4,2,3,3,3,3,3,2
21750,4,4,3,4,5,4,3,3,3,3,1
2800,3,4,3,4,3,4,3,3,3,3,1
4400,4,4,3,4,3,4,3,3,3,3,1
3500,4,4,3,4,3,4,3,3,3,3,1
3700,4,4,3,4,3,4,3,3,3,3,4
5750,4,4,3,4,3,4,3,3,3,3,1
2366.7,4,4,3,4,5,4,3,3,3,3,4
4750,4,4,3,4,5,4,3,3,3,3,1
8600,4,4,3,4,5,4,3,3,3,3,1
9950,4,4,3,4,5,4,3,3,3,3,1
2733.3,2,4,3,4,3,4,3,3,3,3,4
5333.3,4,4,3,4,5,4,3,3,3,3,4
2500,4,4,3,4,3,4,3,3,3,3,2
4650,4,4,3,4,4,3,3,3,3,3,1
22000,4,4,3,4,7,4,3,3,3,3,2
6000,4,4,3,4,5,4,3,3,3,3,3
825,4,4,3,3,5,4,3,3,3,3,2
580,4,2,2,1,4,3,3,3,3,3,3
1000,4,4,3,4,3,4,3,3,3,3,3
5000,4,4,3,4,7,4,3,3,3,3,2
4430,4,4,3,3,4,4,3,3,3,3,2
2840,4,4,3,3,4,4,3,3,3,3,3
2800,4,4,3,4,3,4,3,3,3,3,1
3500,4,4,3,4,4,4,3,3,3,3,1
4000,4,4,3,4,3,4,3,3,3,3,4
17900,4,4,3,4,3,4,3,3,3,3,1
860,4,4,3,2,3,3,3,3,3,3,2
1566.7,4,2,2,2,7,2,2,3,3,3,1
10000,4,4,3,4,7,4,3,3,3,3,2
14000,4,4,3,4,5,4,3,3,3,3,4
8833.3,4,4,3,4,3,4,3,3,3,3,1
2100,4,4,3,3,3,4,3,3,3,3,3
3750,4,4,3,4,6,4,3,3,3,3,2
750,4,4,3,3,1,4,3,3,3,3,1
3900,4,4,3,4,6,4,3,3,3,3,3
5000,4,4,3,4,5,4,3,3,3,3,4
966.67,4,4,3,3,1,4,3,3,3,3,1
1333.3,4,4,3,4,6,4,3,3,3,3,1
21500,4,4,3,4,7,4,3,3,3,3,3
3733.3,4,4,3,4,7,4,3,3,3,3,4
3800,4,4,3,3,5,4,3,3,3,3,1
928.89,4,4,3,2,5,4,3,3,3,3,1
10000,4,4,3,4,5,4,3,3,3,3,1
2625,4,4,3,4,5,4,3,3,3,3,2
4440,4,4,3,2,4,4,3,3,3,3,2
1250,4,4,3,4,2,4,3,3,3,3,1
766.67,4,4,3,4,3,4,3,3,3,3,2
3500,4,4,3,4,1,4,3,3,3,3,1
2000,4,3,2,3,3,4,3,3,2,3,4
1500,4,4,3,3,3,4,3,3,3,3,3
2666.7,4,4,3,4,7,4,3,3,3,3,2
5000,4,3,3,4,4,4,3,3,3,3,4
1086.7,4,4,3,4,3,4,3,3,3,3,2
5000,4,4,3,4,4,4,3,3,3,3,1
5500,3,4,3,4,3,4,3,3,3,3,1
4000,3,4,3,4,4,4,3,3,3,3,2
714.29,3,4,2,1,4,2,2,3,3,3,3
1900,4,4,3,4,3,4,3,3,3,3,4
9360,4,4,3,3,5,4,3,3,3,3,4
900,4,3,3,4,2,4,3,3,3,3,2
7000,4,4,3,4,6,4,3,3,3,3,4
5000,4,4,3,3,6,4,3,3,3,3,2
2000,4,4,3,4,3,4,3,3,3,3,1
4680,3,4,3,2,3,4,3,3,3,3,1
11000,3,4,3,4,7,4,3,3,3,3,4
4380,4,4,3,4,2,4,3,3,3,3,1
7833.3,4,4,3,4,6,4,3,3,3,3,3
990,4,4,3,3,4,3,3,3,3,3,3
4000,4,4,3,4,4,4,3,3,3,3,1
11750,4,4,3,4,6,4,3,3,3,3,4
15000,4,4,3,4,5,4,3,3,3,3,3
4325,4,4,3,4,3,4,3,3,3,3,1
1702.5,4,4,3,4,2,4,3,3,3,3,2
3166.7,4,4,3,4,7,4,3,3,3,3,2
20000,4,4,3,4,5,4,3,3,3,3,1
3800,4,4,3,3,3,4,3,3,3,3,1
7500,4,4,3,4,3,4,3,3,3,3,3
5000,4,4,3,4,6,4,3,3,3,3,3
7000,4,4,3,3,3,4,3,3,3,3,1
7166.7,4,4,3,4,5,4,3,3,3,3,3
1875,4,4,3,3,7,4,3,3,3,3,2
800,4,2,3,1,3,2,3,3,2,3,1
1735,4,4,3,4,2,4,3,3,3,3,2
3875,4,4,2,3,7,2,3,3,3,3,2
4400,4,4,3,4,5,4,3,3,3,3,1
2000,4,4,3,4,5,4,3,3,3,3,4
1750,3,4,3,3,4,4,3,3,3,3,4
4766.7,2,4,3,4,5,4,3,3,3,3,4
2486.7,4,3,3,4,3,4,3,3,3,3,3
2260,4,4,3,3,3,4,3,3,3,3,1
3166.7,4,4,3,3,4,4,3,3,3,3,2
5625,4,4,3,4,6,4,3,3,3,3,3
4333.3,4,4,3,4,3,4,3,3,3,3,3
2075,4,4,3,4,7,4,3,3,3,3,2
7500,4,4,3,3,5,4,3,3,3,3,4
5000,4,4,3,4,7,4,3,3,3,3,3
10100,4,4,3,4,2,4,3,3,3,3,1
8500,4,4,3,4,7,4,3,3,3,3,1
18000,4,4,3,4,7,4,3,3,3,3,4
2320,4,4,3,3,3,4,3,3,3,3,1
15550,4,4,3,4,5,4,3,3,3,3,4
1300,4,4,3,3,7,4,3,3,3,3,2
2500,4,4,3,4,3,4,3,3,3,3,1
4500,4,4,3,4,5,4,3,3,3,3,2
2166.7,4,4,3,4,3,4,3,3,3,3,1
2833.3,4,4,2,2,5,4,3,3,3,3,3
2440,4,4,3,4,6,4,3,3,3,3,4
4400,4,4,3,4,2,4,3,3,3,3,1
1500,4,4,3,4,5,4,3,3,3,3,2
2500,4,4,3,4,3,4,3,3,3,3,1
6000,4,4,3,4,2,4,3,3,3,3,1
8266.7,4,4,3,4,3,4,3,3,3,3,2
3500,4,4,3,4,7,4,3,3,3,3,1
3371.4,4,4,3,1,3,4,3,3,3,3,4
3833.3,4,4,3,3,5,4,3,3,3,3,2
5000,4,4,3,4,3,3,3,3,3,3,3
3833.3,4,4,3,4,2,4,3,3,3,3,1
2833.3,4,4,3,3,7,4,3,3,3,3,3
3050,4,4,3,4,3,4,3,3,3,3,1
12000,4,4,3,4,6,4,3,3,3,3,1
1010,4,4,3,4,6,3,3,3,3,3,2
0,4,4,3,3,7,4,3,3,3,3,4
1600,4,4,3,3,3,4,3,3,3,3,2
852,4,2,3,3,2,4,2,3,3,3,2
2833.3,4,4,3,4,2,4,3,3,3,3,2
3200,3,4,3,4,5,4,3,3,3,3,1
2850,4,4,3,3,2,4,3,3,3,3,1
15000,4,4,3,4,5,4,3,3,3,3,2
3300,4,4,3,4,3,4,3,3,3,3,1
2820,4,4,3,3,3,4,3,3,3,3,3
3666.7,4,4,3,4,4,4,3,3,3,3,2
1900,4,4,3,2,6,4,3,3,3,3,4
2650,3,4,3,4,2,4,3,3,3,3,1
2600,3,3,2,2,2,2,3,3,3,3,2
600,3,4,3,3,3,4,3,3,3,3,1
2000,4,4,3,4,5,4,3,3,3,3,1
1333.3,4,4,3,4,5,4,3,3,3,3,3
14000,4,4,3,4,5,4,3,3,3,3,3
4000,4,4,3,4,2,4,3,3,3,3,4
4000,4,4,3,4,1,4,3,3,3,3,1
7500,4,4,3,4,6,4,3,3,3,3,4
4000,4,4,3,2,5,4,3,3,3,3,3
4950,4,4,3,4,2,4,3,3,3,3,1
4600,4,4,3,4,2,4,3,3,3,3,1
3000,4,4,3,4,3,4,3,3,3,3,1
1000,4,4,3,4,3,4,3,3,3,3,4
2400,4,4,3,4,4,4,3,3,3,3,1
3300,4,4,3,4,7,4,3,3,3,3,3
6400,4,4,3,4,5,4,3,3,3,3,2
7250,4,4,3,4,3,4,3,3,3,3,1
2000,4,4,3,3,4,4,3,3,3,3,2
1050,4,4,3,2,3,4,3,3,3,3,3
5500,4,4,3,4,5,4,3,3,3,3,4
6500,4,4,3,4,2,4,3,3,3,3,1
4914.3,4,4,3,1,4,3,3,3,3,3,2
1800,4,4,3,3,7,4,3,3,3,3,2
4449,4,4,3,4,3,4,3,3,3,3,1
2233.3,4,4,3,4,7,4,3,3,3,3,1
266.67,4,4,3,3,3,4,3,3,3,3,1
4500,4,4,3,4,4,4,3,3,3,3,4
13750,4,4,3,4,7,4,3,3,3,3,4
2050,4,4,3,3,4,4,3,3,3,3,2
5750,4,4,3,3,7,4,3,3,3,3,2
2081.3,3,4,3,4,4,4,3,3,3,3,3
9833.3,4,4,3,4,2,4,3,3,3,3,4
0,4,4,3,2,5,4,3,3,3,3,1
4000,4,4,3,3,2,4,3,3,3,3,1
2000,4,4,3,3,4,4,3,3,3,3,1
10000,4,4,3,4,6,4,3,3,3,3,2
2500,4,4,3,4,3,4,3,3,3,3,1
600,4,4,3,3,2,4,3,3,3,3,1
3600,4,4,3,4,7,4,3,3,3,3,2
5000,4,4,3,4,3,4,3,3,3,3,1
4000,4,4,3,4,4,4,3,3,3,3,3
10500,4,4,3,4,2,4,3,3,3,3,1
1854.2,4,4,3,3,2,4,3,3,3,3,4
20000,4,4,3,4,3,4,3,3,3,3,1
8000,4,4,3,4,7,4,3,3,3,3,3
7500,4,4,3,4,7,4,3,3,3,3,2
2857.1,4,4,3,3,4,4,3,3,3,3,1
1750,4,4,3,3,4,4,3,3,3,3,1
15000,4,4,3,4,6,4,3,3,3,3,2
6250,4,4,3,4,7,4,3,3,3,3,3
2000,4,3,3,3,2,4,3,3,3,3,4
6000,4,4,3,4,4,4,3,3,3,3,4
2400,4,4,3,3,5,4,3,3,3,3,2
11000,4,4,3,4,5,4,3,3,3,3,4
7000,4,3,3,4,3,4,3,3,3,3,4
8000,4,4,3,4,5,4,3,3,3,3,3
8500,4,4,3,3,5,4,3,3,3,3,3
2803.4,4,4,3,4,3,4,3,3,3,3,4
3066.7,4,4,3,4,6,4,3,3,3,3,4
3075,4,4,3,3,5,4,3,3,3,3,2
2000,4,4,3,3,5,4,3,3,3,3,3
1000,4,2,3,1,3,4,3,3,3,3,3
2733.3,4,4,3,2,5,4,3,3,3,3,3
5300,4,4,3,4,7,4,3,3,3,3,3
3300,4,4,3,4,7,4,3,3,3,3,3
4950,4,4,3,4,2,4,3,3,3,3,1
840,1,2,2,3,5,1,1,1,2,3,3
2800,4,4,3,4,7,4,3,3,3,3,2
1875,4,4,3,3,7,4,3,3,3,3,2
8000,4,4,3,4,3,4,3,3,3,3,4
3000,4,3,3,2,2,3,3,3,3,3,2
3625,4,4,3,3,4,4,3,3,3,3,3
3333.3,4,4,3,4,3,4,3,3,3,3,4
2500,4,4,3,3,3,4,3,3,3,3,1
6000,4,4,3,4,3,4,3,3,3,3,1
10000,4,4,3,3,7,4,3,3,3,3,2
10367,4,4,3,4,5,4,3,3,3,3,3
3333.3,4,4,3,2,4,4,3,3,3,3,3
2757.1,4,4,3,2,2,4,3,3,3,3,1
4933.3,4,4,3,4,6,4,3,3,3,3,2
2250,3,4,3,4,5,4,3,3,3,3,4
3575,4,4,3,3,3,4,3,3,3,3,1
3800,4,4,3,3,3,4,3,3,3,3,2
3866.7,4,4,3,3,7,4,3,3,3,3,2
4000,4,4,2,4,5,3,3,3,3,3,4
2166.7,4,4,3,4,3,4,3,3,3,3,1
985.71,4,4,3,2,3,4,3,3,3,3,4
1987.5,4,4,3,4,4,4,3,3,3,3,4
4000,4,4,3,4,5,4,3,3,3,3,4
19333,4,4,3,4,7,4,3,3,3,3,1
2700,4,4,3,4,3,4,3,3,3,3,2
4900,4,4,3,4,3,4,3,3,3,3,2
4566.7,4,4,3,4,3,4,3,3,3,3,2
0,4,4,3,3,3,4,3,3,3,3,3
10000,4,4,3,4,5,4,3,3,3,3,4
3000,4,4,3,3,3,4,3,3,3,3,4
5466.7,3,4,3,4,5,4,3,3,3,3,4
833.33,4,4,3,4,3,4,3,3,3,3,1
8000,4,4,3,4,5,4,3,3,3,3,1
2600,4,4,3,3,4,3,3,3,3,3,3
3660,4,4,3,1,2,4,3,3,3,3,2
3746.8,4,4,3,3,4,4,3,3,3,3,3
2700,4,4,3,3,3,3,3,3,3,3,1
800,4,4,3,3,3,4,3,3,3,3,2
2680,4,4,3,3,4,4,3,3,3,3,4
5000,4,4,3,4,5,4,3,3,3,3,1
15000,4,4,3,4,6,4,3,3,3,3,4
8000,4,4,3,4,7,4,3,3,3,3,2
1333.3,4,4,3,4,3,4,3,3,3,3,2
2000,4,4,3,4,2,4,3,3,3,3,1
16000,4,4,3,4,7,4,3,3,3,3,1
10500,4,4,3,3,7,4,3,3,3,3,3
8000,4,4,3,4,7,4,3,3,3,3,2
7166.7,4,4,3,4,7,4,3,3,3,3,3
5000,4,4,3,4,5,4,3,3,3,3,1
5000,4,4,3,4,3,4,3,3,3,3,1
1400,4,4,3,3,5,4,3,3,3,3,3
5000,4,4,3,3,7,4,3,3,3,3,2
4733.3,4,4,3,4,6,4,3,3,3,3,3
2000,4,4,3,4,2,4,3,3,3,3,1
3750,4,4,3,3,7,4,3,3,3,3,3
1500,4,4,3,4,4,4,3,3,3,3,2
9500,4,4,3,4,7,4,3,3,3,3,1
1360,4,4,3,2,3,4,3,3,3,3,1
5625,4,4,3,4,5,4,3,3,3,3,3
7014.3,4,4,3,3,2,4,3,3,3,3,1
4500,4,4,3,4,4,4,3,3,3,3,4
3500,4,4,3,4,3,4,3,3,3,3,3
4700,4,4,3,3,4,4,3,3,3,3,1
2800,4,4,3,4,4,4,3,3,3,3,3
1575,4,4,3,4,3,4,3,3,3,3,4
2200,4,4,3,3,3,4,3,3,3,3,3
0,4,4,3,4,5,4,3,3,3,3,1
1000,4,4,3,4,3,4,3,3,3,3,3
1125,4,4,3,4,5,4,3,3,3,3,2
5000,4,4,3,4,3,4,3,3,3,3,3
1400,4,4,3,4,2,4,3,3,3,3,4
5000,4,4,3,4,7,4,3,3,3,3,2
1400,4,4,3,4,3,4,3,3,3,3,1
11333,4,4,3,4,4,4,3,3,3,3,4
2500,4,4,3,4,7,4,3,3,3,3,1
6260,4,4,3,4,5,4,3,3,3,3,4
1150,4,4,3,4,2,4,3,3,3,3,3
2500,4,4,3,4,2,4,3,3,3,3,1
3333.3,4,4,3,4,4,4,3,3,3,3,2
1933.3,4,4,3,4,4,4,3,3,3,3,2
7500,4,4,3,4,7,3,3,3,3,3,2
8000,4,4,3,4,5,4,3,3,3,3,4
1800,4,4,3,3,7,3,3,3,3,3,2
2500,4,4,3,4,5,4,3,3,3,3,1
2000,4,4,3,3,5,4,3,3,3,3,3
0,4,4,3,4,4,4,3,3,3,3,4
4820,4,4,3,3,5,4,3,3,3,3,4
3250,4,4,3,4,5,4,3,3,3,3,4
1820,4,4,3,3,7,4,3,3,3,3,2
5500,4,4,3,3,7,4,3,3,3,3,2
8333.3,4,4,3,4,3,4,3,3,3,3,4
10000,4,4,3,4,7,4,3,3,3,3,2
7333.3,4,4,3,4,7,4,3,3,3,3,3
3000,4,4,3,4,2,4,3,3,3,3,1
3250,4,4,3,3,2,4,3,3,3,3,4
6900,4,4,3,4,1,4,3,3,3,3,2
2600,4,4,3,4,4,4,3,3,3,3,3
1317.5,4,3,2,1,2,2,2,3,2,3,1
3750,4,4,3,4,3,4,3,3,3,3,1
1142.9,4,4,3,3,7,4,3,3,3,3,3
2500,4,4,3,3,3,4,3,3,3,3,4
568,4,4,2,1,3,4,3,3,3,3,2
6766.7,4,4,3,3,4,4,3,3,3,3,4
3250,4,4,2,3,3,2,2,3,3,3,4
2000,4,4,3,4,3,4,3,3,3,3,4
4900,4,4,3,4,5,4,3,3,3,3,1
1262.5,4,4,3,3,3,4,3,3,3,3,4
1000,4,1,3,3,6,4,3,3,3,3,1
24000,4,4,3,4,3,4,3,3,3,3,1
3000,4,4,3,3,7,4,3,3,3,3,3
2300,3,4,3,3,5,4,3,3,3,3,4
2500,4,4,3,4,3,4,3,3,3,3,1
3200,4,4,3,4,2,4,3,3,3,3,1
3500,4,4,3,4,2,4,3,3,3,3,1
1237.5,4,2,3,1,3,3,3,3,3,3,3
10500,4,4,3,4,7,4,3,3,3,3,4
2000,3,4,3,4,5,4,3,3,3,3,2
3933.3,4,4,3,4,5,4,3,3,3,3,4
2550,4,4,3,4,5,4,3,3,3,3,1
1948,4,4,3,3,3,4,3,3,3,3,1
4875,4,4,3,3,5,4,3,3,3,3,2
1750,4,3,2,1,3,2,2,3,2,3,3
1790,4,4,3,4,1,4,3,3,3,3,3
9300,4,4,3,4,6,4,3,3,3,3,3
2875,4,4,3,1,4,4,3,3,3,3,2
5200,4,4,3,4,5,4,3,3,3,3,4
1816.7,4,4,3,3,3,4,3,3,3,3,1
6900,4,4,3,4,5,4,3,3,3,3,1
7150,4,4,3,4,5,4,3,3,3,3,1
4133.3,4,4,3,4,5,4,3,3,3,3,1
100,4,3,3,3,3,4,2,3,3,3,2
750,4,4,3,3,3,3,3,3,3,3,1
3333.3,4,4,3,3,7,4,3,3,3,3,3
3250,4,4,3,4,2,4,3,3,3,3,1
3516.7,4,4,3,3,3,4,3,3,3,3,4
3666.7,4,4,3,4,7,4,3,3,3,3,4
6000,4,4,3,4,5,4,3,3,3,3,2
2772,4,4,3,3,3,4,3,3,3,3,1
556.67,4,3,3,3,2,4,3,3,3,3,1
6750,4,4,3,3,3,4,3,3,3,3,4
5000,4,4,3,4,7,4,3,3,3,3,1
1500,4,4,3,3,4,4,3,3,3,3,2
3600,4,4,3,4,2,4,3,3,3,3,1
7666.7,4,4,3,3,6,4,3,3,3,3,3
2000,4,4,3,4,2,4,3,3,3,3,1
2833.3,4,4,3,2,5,4,3,3,3,3,4
4166.7,4,4,3,4,2,4,3,3,3,3,3
9700,4,4,3,4,5,4,3,3,3,3,2
2166.7,4,4,3,4,5,4,3,3,3,3,3
4450,4,4,3,4,7,4,3,3,3,3,1
7000,3,2,3,4,2,2,2,3,3,3,1
6000,4,4,3,4,3,4,3,3,3,3,1
3000,4,4,3,3,3,4,3,3,3,3,3
3600,4,4,3,3,5,4,3,3,3,3,3
4200,3,4,3,4,5,4,3,3,3,3,1
1900,4,4,3,4,1,4,3,3,3,3,1
5750,4,4,3,3,4,4,3,3,3,3,1
1650,4,3,3,4,4,4,3,3,3,3,3
4500,4,4,3,4,3,4,3,3,3,3,4
4000,4,4,3,4,5,4,3,3,3,3,2
10300,4,4,3,4,7,4,3,3,3,3,2
12500,4,4,3,4,7,4,3,3,3,3,4
5225,4,4,3,3,7,4,3,3,3,3,2
4000,4,4,3,4,6,4,3,3,3,3,3
1790,4,4,3,3,4,4,3,3,3,3,3
2666.7,4,4,3,4,6,4,3,3,3,3,4
4000,4,4,3,4,6,4,3,3,3,3,2
633.33,2,3,3,4,3,4,3,3,3,3,4
500,4,4,2,4,4,4,3,3,3,3,2
2050,4,4,3,4,3,4,3,3,3,3,4
1166.7,2,4,3,4,4,4,3,3,3,3,2
4475,4,4,3,4,7,4,3,3,3,3,4
1216.7,4,4,2,4,2,4,3,3,3,3,2
614.29,4,4,3,2,3,4,3,3,3,3,2
2000,3,4,3,2,6,4,3,3,3,3,3
3300,4,4,3,4,5,4,3,3,3,3,3
4000,4,4,3,4,3,4,3,3,3,3,4
1800,4,3,2,4,3,1,1,3,2,3,2
5000,4,4,3,4,6,4,3,3,3,3,3
7166.7,4,4,3,4,4,4,3,3,3,3,4
2800,4,4,3,4,5,4,3,3,3,3,1
1000,4,4,3,3,3,4,3,3,3,3,1
54000,4,4,3,4,7,4,3,3,3,3,3
875,2,4,3,1,4,4,2,3,3,3,1
4500,4,4,3,3,3,4,3,3,3,3,2
2000,4,4,3,4,3,4,3,3,3,3,1
2500,4,4,3,4,4,4,3,3,3,3,4
3433.3,4,4,3,3,2,4,3,3,3,3,1
4000,4,4,3,4,3,4,3,3,3,3,1
19600,4,4,3,4,7,4,3,3,3,3,2
4475,4,4,3,3,7,4,3,3,3,3,3
3825,4,4,3,4,3,4,3,3,3,3,4
2000,4,4,3,4,7,4,3,3,3,3,2
7500,4,4,3,4,5,4,3,3,3,3,3
1500,4,4,3,4,6,4,3,3,3,3,2
5333.3,4,4,3,4,5,4,3,3,3,3,3
6560,4,4,3,4,7,4,3,3,3,3,3
1300,4,4,3,3,4,4,3,3,3,3,4
7733.3,4,4,3,4,3,4,3,3,3,3,2
5166.7,4,4,3,4,7,4,3,3,3,3,3
5800,4,4,3,3,5,4,3,3,3,3,4
3666.7,4,4,3,3,7,4,3,3,3,3,4
3500,3,4,3,3,5,4,3,3,3,3,4
13333,3,4,3,4,7,4,3,3,3,3,4
6000,4,4,3,3,3,4,3,3,3,3,1
1500,4,4,3,3,4,4,3,3,3,3,3
