3500,4,4,3,4,4,4,3,3,3,3,3
5000,4,4,3,3,5,4,3,3,3,3,4
4200,4,4,3,4,4,4,3,3,3,3,4
900,3,4,2,3,4,4,3,3,3,3,3
234,4,2,2,2,4,3,2,3,2,3,3
2000,4,4,3,4,3,3,3,3,3,3,1
3125,4,4,3,3,4,3,3,3,3,2,1
2000,4,4,3,4,3,3,3,3,3,2,1
2000,4,4,3,4,3,4,3,3,3,3,3
5700,4,4,3,4,7,4,3,3,3,3,1
3400,4,4,3,4,6,4,3,3,3,3,3
1350,4,4,3,3,6,4,3,2,3,3,4
2982,4,4,3,4,2,3,3,3,3,2,1
3866.7,4,4,3,2,5,4,3,3,3,3,4
7700,4,4,3,4,7,4,3,3,3,3,4
2933.3,4,3,2,2,3,3,3,3,3,2,4
7633.3,4,4,3,4,5,4,3,3,3,3,3
1000,4,4,3,3,4,3,3,3,3,2,4
3000,4,4,3,4,6,4,3,3,3,3,3
2140,4,3,3,1,3,4,3,3,3,3,3
3750,4,4,3,4,6,2,3,3,3,2,3
800,4,4,2,4,3,3,3,3,3,2,1
1300,4,3,3,2,3,3,3,3,3,3,1
3250,3,4,3,4,3,3,3,3,3,3,1
2150,2,2,2,1,3,3,2,3,3,3,3
2600,4,4,3,3,5,4,3,3,3,3,3
3875,4,4,3,3,4,4,3,3,3,3,4
3000,4,4,3,4,7,4,3,3,3,3,1
1000,3,3,2,3,3,3,3,3,3,3,2
3325,4,4,3,3,3,3,3,3,3,3,4
2250,4,2,2,4,4,3,3,3,3,3,3
3625,2,4,2,3,7,3,3,3,3,3,1
1250,4,4,3,4,4,3,3,3,3,2,4
1000,4,4,3,4,3,4,3,3,3,3,2
1740,4,3,2,2,5,4,3,3,3,3,3
3500,4,4,3,3,5,4,3,3,3,3,3
2200,4,4,3,3,5,4,3,3,3,3,1
1207.5,2,4,2,3,3,3,3,3,3,3,4
1400,3,4,3,4,3,3,3,3,3,3,1
3125,4,4,3,3,4,4,3,3,3,3,4
1550,3,4,3,4,5,3,3,3,3,2,4
946.67,4,3,2,1,4,3,2,3,3,3,4
1300,3,3,3,2,3,2,3,3,3,3,3
6666.7,3,4,3,4,5,4,3,3,3,3,3
1333.3,4,4,3,3,4,4,3,3,3,3,4
2437.5,4,4,2,3,2,3,3,3,3,2,3
2500,4,4,2,2,7,3,3,3,3,3,4
7850,4,4,2,4,7,4,3,3,3,3,3
2000,4,2,3,3,2,3,2,3,3,3,1
1600,4,4,3,4,3,3,3,3,3,2,1
1716.7,4,4,2,3,4,4,3,3,3,3,3
7000,4,4,3,4,4,4,3,3,3,3,4
2000,4,4,3,3,4,3,3,3,3,2,4
3100,3,4,2,4,7,4,3,3,3,3,1
0,4,3,2,4,3,4,3,3,3,3,1
1933.3,3,4,2,4,6,4,3,3,3,3,4
620,4,3,2,3,4,3,2,3,3,2,2
4000,2,4,3,3,6,4,3,3,3,3,2
2540,4,4,3,3,3,4,3,3,3,3,4
2933.3,4,4,3,4,4,3,3,3,3,3,1
2042.9,4,4,3,2,2,3,3,3,3,3,2
2050,4,4,3,4,2,3,3,3,3,2,4
3800,4,4,3,4,7,4,3,3,3,3,2
5033.3,3,4,3,4,6,3,3,3,3,2,4
2200,3,3,3,2,6,3,3,3,3,2,4
9000,4,4,3,4,6,4,3,3,3,3,1
1200,4,4,3,3,5,4,3,3,3,3,4
4533.3,4,4,3,4,7,4,3,3,3,3,1
3600,3,4,3,4,7,4,3,3,3,3,2
1404.4,4,4,3,2,3,4,3,3,3,3,3
3900,2,3,3,4,1,2,3,3,3,3,3
4250,3,4,3,4,5,4,3,3,3,3,3
2150,4,4,3,4,7,4,3,3,3,3,3
4400,4,4,3,4,7,4,3,3,3,3,4
1100,1,3,2,3,3,3,2,3,3,3,2
2975,4,4,3,4,5,4,3,3,3,3,4
2000,4,4,3,4,3,4,3,3,3,3,1
4300,2,4,3,3,3,2,3,3,3,3,4
2175,4,4,2,3,3,3,3,3,3,2,4
3300,4,4,3,4,3,4,3,3,3,3,2
2600,3,4,3,4,4,4,3,3,3,3,1
357.14,3,4,3,2,5,4,3,3,3,3,4
2650,4,4,2,3,7,3,3,3,3,2,1
1500,3,4,3,4,3,3,3,3,3,2,1
1894,4,4,3,3,5,4,3,3,3,3,1
2200,3,4,3,4,3,4,3,3,3,3,1
893.33,4,3,3,3,3,3,3,3,3,3,2
300,4,4,3,4,3,4,3,3,3,3,1
3833.3,4,4,3,4,6,2,3,3,3,3,1
3611.1,4,3,2,2,3,3,2,3,3,2,1
1666.7,4,4,2,4,2,3,2,3,3,3,1
4900,4,1,2,4,2,4,2,1,3,3,2
2800,3,4,3,4,4,4,3,3,3,3,1
23500,4,4,3,4,5,4,3,3,3,3,2
3400,4,4,3,4,4,4,3,3,3,3,1
2230,4,4,3,4,4,4,3,3,3,3,3
772.73,3,2,2,1,3,3,2,3,3,3,3
2680,3,4,3,3,3,3,3,3,3,3,1
5000,4,3,3,4,7,4,3,3,3,3,4
4400,4,4,2,4,5,4,3,3,3,2,3
1200,4,3,2,4,3,3,3,3,3,3,1
3150,4,4,3,4,3,4,3,3,3,3,1
7600,4,4,3,4,4,4,3,3,3,3,4
2150,4,4,3,4,3,4,3,3,3,3,2
3475,3,4,3,3,3,4,3,3,3,3,2
600,4,4,3,4,6,4,3,3,3,3,4
4387.5,4,4,3,4,7,4,3,3,3,3,4
4000,4,2,3,4,5,3,3,3,3,2,2
3450,4,4,3,4,4,4,3,3,3,3,1
2400,3,4,3,4,2,4,3,3,3,3,1
6000,4,4,3,4,7,4,3,3,3,3,2
1666.7,4,4,3,4,3,4,3,3,3,3,4
4900,2,4,3,3,4,4,3,3,3,3,4
10000,4,4,3,4,7,4,3,3,3,3,4
3200,2,4,3,4,2,3,3,3,3,3,2
1625,4,4,3,3,3,2,3,3,3,3,3
4800,4,4,2,4,6,2,3,3,3,2,2
2300,3,4,3,4,3,3,3,3,3,3,1
3000,4,3,3,4,7,4,3,3,3,3,4
1557.5,4,4,3,4,3,4,3,3,3,3,3
953.33,4,2,2,4,3,4,3,3,3,3,1
1890.9,4,4,3,3,4,3,3,3,3,3,1
1600,2,4,3,3,3,3,3,3,3,3,4
2666.7,4,4,3,4,3,4,3,3,3,3,1
6000,4,4,3,4,6,4,3,3,3,3,1
1600,4,3,3,4,2,3,2,1,2,3,1
2666.7,4,4,3,2,6,3,3,3,3,3,4
1268.9,3,4,3,2,5,3,3,3,3,3,4
3160,4,4,3,3,5,2,3,3,3,2,1
0,4,4,3,4,6,4,3,3,3,3,1
1800,3,1,2,4,2,1,1,1,3,3,3
1000,2,3,2,4,2,3,2,3,3,3,2
1666.7,4,4,2,4,4,3,3,3,3,3,4
1385,4,2,2,3,4,4,2,3,3,3,2
5437.5,4,2,3,1,2,4,3,3,3,3,1
6250,4,4,3,3,3,3,3,3,3,3,4
1800,4,4,2,4,2,3,3,3,3,2,1
4250,3,4,3,3,7,3,3,3,3,3,4
2400,4,4,3,4,3,4,3,3,3,3,1
4766.7,3,4,3,4,6,4,3,3,3,3,3
1612.5,4,2,2,3,4,2,3,3,3,3,1
8500,4,4,3,4,5,4,3,3,3,3,2
935,3,4,3,4,5,3,3,3,3,3,1
4187.5,4,3,3,4,4,4,3,3,3,3,4
5750,4,4,3,4,5,4,3,3,3,3,1
1600,3,4,2,4,2,3,2,3,2,2,1
3500,3,4,3,4,4,4,3,3,3,3,1
4000,3,4,3,4,5,4,3,3,3,3,1
4533.3,4,4,3,4,7,4,3,3,3,3,2
5000,4,4,3,4,5,4,3,3,3,3,2
1314.3,3,4,2,3,2,3,3,3,3,2,1
2100,3,2,3,4,2,3,2,3,3,2,1
2683.3,4,4,3,3,3,3,3,3,3,3,1
1625,2,2,2,1,3,2,2,3,3,2,3
3200,4,4,3,3,5,4,3,3,3,3,4
1000,3,3,3,4,3,3,3,3,3,3,4
4640,4,4,3,3,5,4,3,3,3,3,1
485,3,3,2,3,4,3,2,3,2,3,2
3000,4,4,3,4,7,3,3,3,3,2,3
2080,4,4,2,3,3,3,3,3,3,3,4
3100,4,4,3,4,5,4,3,3,3,3,4
5420,4,4,3,4,6,2,3,3,3,3,2
973.33,3,1,2,2,3,3,3,3,3,3,2
1033.3,4,4,3,2,4,3,3,3,3,3,1
1500,4,3,3,4,1,3,2,3,3,2,1
3316.7,4,4,3,3,5,4,3,3,3,3,1
306,4,4,3,4,5,4,3,3,3,3,1
3700,4,4,3,3,5,3,3,3,3,2,2
2580,3,4,2,4,1,3,2,3,3,3,1
6500,4,4,3,3,7,4,3,3,3,3,1
11000,4,4,3,4,7,4,3,3,3,3,4
1500,4,1,2,4,3,4,2,1,2,3,2
1933.3,4,4,3,4,5,4,3,1,3,3,1
2400,3,4,3,4,3,3,3,3,3,3,1
4500,4,4,3,4,3,3,3,3,3,2,4
2308.3,4,4,3,3,5,2,3,3,3,2,1
5150,4,4,3,4,7,4,3,3,3,3,1
6333.3,4,4,3,4,4,4,3,3,3,3,3
1100,4,4,2,3,5,3,3,3,3,2,2
3000,4,4,3,4,7,4,3,3,3,3,1
1140,2,1,2,3,4,3,2,3,3,2,2
560,4,3,2,3,4,3,3,3,3,3,1
6000,4,4,3,4,7,4,3,3,3,3,4
3381.3,4,4,3,3,7,4,3,3,3,3,3
1250,2,4,3,4,5,4,3,3,3,3,4
1850,3,4,2,4,5,3,3,3,3,3,1
3000,3,3,3,4,4,4,3,3,3,3,2
2000,4,4,3,4,7,4,3,3,3,3,2
4750,4,4,3,4,5,4,3,3,3,3,2
7400,4,4,3,4,3,4,3,3,3,3,1
1166.7,4,4,3,4,3,4,3,3,3,3,1
6000,4,4,3,4,7,4,3,3,3,3,2
33000,4,4,3,4,5,4,3,3,3,3,3
2500,3,3,3,3,3,3,3,3,3,2,4
3333.3,4,3,2,2,4,4,3,3,3,3,1
3500,3,3,3,4,4,3,3,3,3,2,1
3750,4,4,3,4,3,4,3,3,3,3,1
2000,4,4,3,4,3,4,3,3,3,3,2
2000,3,4,3,4,4,2,3,3,3,3,3
2800,3,4,3,4,3,3,3,3,3,2,1
2400,4,4,3,4,4,4,3,3,3,3,1
3733.3,4,4,2,4,3,2,2,3,3,3,1
6660,4,4,3,3,4,4,3,3,3,3,1
280,4,3,2,3,5,4,3,3,3,3,2
2500,4,3,2,2,3,3,3,3,3,3,2
3277.5,4,4,3,3,5,4,3,3,3,3,4
3333.3,4,4,3,2,3,3,2,3,3,3,4
695,3,4,2,4,4,3,3,3,3,3,2
4000,4,3,3,3,3,4,3,3,3,2,4
7900,4,4,3,4,7,4,3,3,3,3,4
633.33,3,3,2,4,2,2,2,3,3,3,1
4500,4,4,3,4,7,4,3,3,3,3,3
5250,4,4,3,4,4,4,3,3,3,3,1
3666.7,4,4,3,4,3,3,3,3,3,3,1
646,4,2,2,2,3,3,2,3,3,2,4
6000,4,4,2,4,5,2,3,3,3,2,3
273.6,4,4,3,3,3,4,3,3,3,3,1
3500,4,4,3,4,3,2,3,3,3,3,2
5400,4,4,3,4,5,4,3,3,3,3,1
3525,4,4,3,3,7,4,3,3,3,3,3
2558.3,4,4,3,3,3,4,3,3,3,3,2
3350,3,3,2,4,2,4,3,3,3,3,1
2707.3,4,3,2,4,3,3,3,3,3,3,4
1000,4,2,2,4,2,3,2,3,3,2,3
3200,4,4,3,4,7,3,3,3,3,2,1
3600,4,4,3,3,3,4,3,3,3,3,2
3500,4,3,3,4,3,4,3,3,3,3,2
4425,4,4,3,4,6,4,3,3,3,3,3
1040,2,3,3,1,5,2,2,3,3,3,3
1680,3,2,2,4,3,2,2,3,3,3,1
2125,4,3,3,3,5,4,3,3,3,3,3
2666.7,4,4,2,4,3,3,3,3,3,3,4
11000,4,4,3,4,5,3,3,3,3,3,4
1274,4,4,2,1,3,3,2,3,3,3,2
1650,4,3,2,4,3,3,3,3,3,2,1
4833.3,4,4,3,3,7,4,3,3,3,3,2
2666.7,4,4,3,4,5,4,3,3,3,3,2
1400,4,4,3,3,3,2,3,3,3,3,1
6550,4,4,3,4,7,4,3,3,3,3,4
2340,4,4,3,4,5,4,3,3,3,3,1
1050,3,3,3,3,4,3,3,3,3,3,4
2250,4,4,3,4,7,4,3,3,3,3,2
7000,4,4,3,4,7,4,3,3,3,3,4
3166.7,4,4,3,4,5,4,3,3,3,3,4
7400,4,4,3,4,7,4,3,3,3,3,2
2400,4,4,3,4,2,4,3,3,3,3,1
700,4,4,3,4,7,3,3,3,3,3,4
10500,4,4,3,4,7,4,3,3,3,3,1
2400,4,4,3,4,3,4,3,3,3,3,1
2650,4,4,3,4,7,4,3,3,3,3,2
4833.3,4,4,3,4,7,4,3,3,3,3,3
972.67,4,4,3,3,4,3,3,3,3,3,4
1233.3,4,3,2,1,3,4,3,2,3,3,3
7666.7,4,4,3,4,7,4,3,3,3,3,3
4200,4,4,3,4,6,4,3,3,3,3,3
3800,4,4,3,3,5,3,3,3,3,3,2
4666.7,3,4,3,4,7,4,3,3,3,3,3
4750,4,3,3,4,5,4,3,3,3,3,4
2640,4,4,3,3,3,4,3,3,3,3,1
1162.5,2,4,3,3,4,2,3,3,3,2,4
2950,4,4,3,3,5,4,3,3,3,3,4
1325,3,3,2,3,4,3,2,3,3,3,2
7000,3,4,3,4,7,4,3,3,3,3,3
3879,4,4,2,3,5,4,3,3,3,3,3
5500,4,4,3,4,3,4,3,3,3,3,4
4119.5,4,3,3,4,2,4,3,3,3,3,2
650,4,4,3,4,4,4,3,3,3,3,1
1200,3,3,2,2,3,4,2,3,3,3,3
2000,4,4,3,4,4,4,3,3,3,3,1
956.25,4,4,3,2,3,3,3,3,3,2,1
7633.3,4,4,3,4,4,4,3,3,3,3,3
4400,4,4,3,4,7,4,3,3,3,3,2
2950,3,4,3,3,6,3,3,3,3,2,1
2550,3,4,3,4,5,4,3,3,3,3,1
2450,4,2,2,4,1,3,3,3,3,2,1
2450,4,4,3,3,4,4,3,3,3,3,3
3325,4,4,3,4,3,4,3,3,3,2,3
9500,4,4,3,4,7,4,3,3,3,3,1
4133.3,4,4,3,4,6,4,3,3,3,3,2
2550,4,4,2,4,4,4,3,3,3,3,4
1290,3,4,3,4,4,4,3,3,3,3,4
772.86,4,4,2,1,4,3,2,3,3,3,2
1300,4,4,3,4,5,4,3,3,3,3,4
5500,4,4,3,4,6,4,3,3,3,3,3
9500,4,4,3,4,7,3,3,3,3,2,4
1200,4,4,3,3,5,3,2,3,3,2,1
9000,4,4,3,3,7,4,3,3,3,3,2
2298,4,3,2,3,3,4,3,3,3,3,3
5000,3,4,3,4,3,4,3,3,3,3,4
2335,4,4,3,3,4,4,3,3,3,3,3
1270,3,4,3,4,4,3,2,3,3,3,1
5666.7,4,4,3,4,7,4,3,3,3,3,3
1400,4,4,3,3,7,4,3,3,3,3,2
1800,4,4,3,4,2,3,3,3,3,3,1
3233.3,4,4,3,4,7,4,3,3,3,3,3
2400,4,4,3,4,2,4,3,3,3,3,1
2950,4,4,3,4,2,4,3,3,3,3,1
1375,4,4,3,3,6,4,3,3,3,3,3
2333.3,4,4,2,3,4,3,3,3,3,2,3
3080,4,4,2,3,4,4,3,3,3,3,4
1750,4,3,2,1,5,3,3,3,3,3,3
766.67,4,2,2,1,3,4,3,1,3,3,4
2375,3,4,3,4,3,3,3,3,3,3,4
2400,4,4,3,4,5,4,3,3,3,3,1
4800,4,4,3,4,1,4,3,3,3,3,1
9666.7,4,4,3,3,6,4,3,3,3,3,2
4000,4,4,3,4,5,4,3,3,3,3,3
7200,4,4,3,4,3,4,3,3,3,3,3
4250,4,4,3,4,7,4,3,3,3,3,2
4300,4,4,3,4,5,4,3,3,3,3,2
6214,4,4,3,4,5,4,3,3,3,3,3
6466.7,4,4,3,4,7,4,3,3,3,3,3
2750,4,4,3,4,3,4,3,3,3,3,4
220,4,4,2,2,5,3,3,3,3,2,1
2000,3,4,3,4,6,4,3,3,3,3,1
3400,2,4,3,4,6,4,3,3,3,3,3
6500,4,4,3,4,5,3,3,3,3,2,1
2800,3,4,3,3,6,4,3,3,3,3,2
1000,3,4,3,4,3,4,3,3,3,3,1
5200,4,4,3,4,6,4,3,3,3,3,3
20000,4,4,3,4,7,4,3,3,3,3,2
8333.3,4,4,3,4,5,4,3,3,3,3,3
2400,4,4,3,4,3,4,3,3,3,3,1
1390,3,2,2,4,2,3,3,3,3,3,1
2600,4,4,3,4,3,3,3,3,3,2,3
2350,4,4,3,4,7,4,3,3,3,3,2
3000,4,4,3,4,5,4,3,3,3,3,1
7500,3,4,2,4,7,4,3,3,3,3,3
9500,4,4,3,4,7,4,3,3,3,3,3
3466.7,4,4,3,4,2,4,3,3,3,3,1
2750,4,3,3,3,3,3,3,3,3,2,1
1233.3,3,4,3,4,5,4,3,3,3,3,4
375,4,4,3,4,5,4,3,3,3,3,1
3666.7,4,4,3,4,3,4,3,3,3,3,4
290,4,1,2,1,3,3,2,3,2,3,1
5600,4,3,2,4,5,3,3,2,3,3,3
3125,4,4,3,3,7,4,3,3,3,3,3
600,3,4,3,4,7,4,3,3,3,3,3
1353.2,4,2,2,1,3,2,2,3,3,3,1
0,4,4,3,4,4,2,3,3,3,3,1
1500,4,4,3,4,6,4,3,3,3,3,2
7300,4,4,3,4,7,4,3,3,3,3,3
5300,4,4,3,4,4,4,3,3,3,3,3
1600,4,3,2,2,4,3,3,1,2,2,2
400,4,2,2,4,2,4,3,3,3,3,2
475,4,4,3,4,5,4,3,3,3,3,4
750,4,4,3,3,5,4,3,3,3,3,2
3000,4,2,2,4,4,4,3,3,3,3,1
1875,4,3,2,3,5,3,3,3,3,3,4
3700,4,4,3,4,3,3,3,3,3,2,2
8700,4,4,3,4,6,4,3,3,3,3,1
2666.7,4,4,3,4,5,4,3,3,3,3,4
1845,4,3,2,3,4,4,2,3,3,3,4
6000,2,4,3,4,7,3,3,3,3,3,3
8100,4,4,3,4,6,4,3,3,3,3,3
1075,4,2,2,2,1,3,2,3,2,1,1
5933.3,4,4,3,3,5,4,3,3,3,3,2
1000,4,4,3,4,7,4,3,3,3,3,1
4075,4,4,3,4,7,4,3,3,3,3,3
4100,4,4,3,4,7,4,3,3,3,3,2
12400,4,4,3,4,7,4,3,3,3,3,3
3800,4,4,3,4,5,4,3,3,3,3,2
2500,4,4,3,3,4,3,3,3,3,2,3
9500,4,4,3,4,7,4,3,3,3,3,3
2000,3,4,3,4,3,3,3,3,3,3,1
5070,2,4,3,4,5,4,3,3,3,3,3
4333.3,4,4,3,4,5,4,3,3,3,3,3
5200,4,4,3,4,6,4,3,3,3,3,1
5500,3,4,3,4,7,4,3,3,3,3,3
2600,4,4,3,4,2,4,3,3,3,3,1
3166.7,4,2,3,3,5,3,3,3,3,2,4
1675,4,4,3,4,5,4,3,3,3,3,1
1137.5,4,3,2,3,3,3,3,3,3,3,1
6000,3,4,3,4,6,4,3,3,3,3,1
1640,3,2,2,3,4,3,3,3,3,3,4
3880,4,4,3,3,3,4,3,3,3,3,1
0,4,4,3,3,4,3,3,3,3,2,1
4700,4,4,3,4,5,4,3,3,3,3,3
500,4,4,2,4,3,4,3,3,3,2,1
3000,4,4,2,2,3,3,2,3,3,2,3
2950,4,4,3,4,3,4,3,3,3,3,1
1666.7,4,3,3,4,3,3,3,3,3,3,3
6500,4,4,2,4,5,4,3,3,3,3,2
1250,4,4,3,4,6,4,3,3,3,3,2
2666.7,4,4,3,4,5,4,3,3,3,3,4
4000,4,4,3,4,7,4,3,3,3,2,2
700,3,3,3,4,1,3,2,3,3,2,1
1600,4,3,2,1,3,4,3,2,2,3,3
2750,4,4,3,4,3,4,3,3,3,3,1
4040,4,4,3,4,7,4,3,3,3,3,2
2625,4,4,3,3,4,4,3,3,3,3,4
5000,3,4,3,4,1,3,3,3,3,3,1
1450,4,3,3,3,3,4,3,3,3,3,4
2400,4,3,2,4,4,2,3,3,3,2,1
5500,4,4,3,4,7,4,3,3,3,3,3
3340,4,4,3,4,7,4,3,3,3,3,2
700,4,4,3,4,5,3,3,3,3,2,1
4450,3,4,3,4,7,4,3,3,3,3,4
2450,4,4,3,4,2,4,3,3,3,3,1
4000,4,4,3,4,5,4,3,3,3,3,1
4228.6,2,4,2,3,3,3,3,3,3,3,3
4500,4,4,3,4,7,4,3,3,3,3,3
2400,4,4,3,4,5,4,3,3,3,3,1
500,4,4,3,4,5,4,3,3,3,3,2
980,4,4,3,2,4,3,3,3,3,3,4
2400,2,3,2,4,1,1,1,1,3,3,1
3000,4,3,3,4,3,3,3,3,3,2,1
1150,4,4,3,3,3,3,3,3,3,3,4
3233.3,4,4,3,4,7,4,3,3,3,3,1
12000,4,4,3,4,7,4,3,3,3,3,2
1685,4,3,3,3,3,4,3,3,3,3,3
2660,4,3,2,4,2,2,3,3,3,3,4
6000,4,4,3,4,6,4,3,3,3,3,1
4666.7,4,4,3,3,6,4,3,3,3,3,3
1250,4,4,3,4,5,4,3,3,3,3,4
7300,4,4,3,4,7,4,3,3,3,3,2
1000,4,2,3,2,3,2,3,2,3,2,2
3200,4,3,3,2,4,3,3,3,3,3,4
4000,4,4,3,4,3,4,3,3,3,3,1
4500,4,4,3,4,4,4,3,3,3,3,3
2366.7,4,4,3,3,3,3,3,1,3,2,2
6000,3,4,3,4,7,4,3,3,3,3,3
5000,3,4,3,4,3,4,3,3,3,3,1
1436.7,4,4,3,3,3,3,3,3,3,2,3
704,3,3,3,3,3,3,3,3,3,3,2
2000,4,4,3,4,4,3,3,3,3,2,3
1965,4,4,3,4,4,3,3,3,3,2,1
2400,4,1,2,4,5,4,3,2,2,3,1
2000,4,4,3,4,5,4,3,1,3,3,2
4270,3,4,3,4,4,4,3,3,3,3,2
2000,3,4,3,3,5,3,3,3,3,2,1
6500,4,4,3,4,7,4,3,3,3,3,3
3950,4,4,3,4,2,4,3,3,3,3,1
3600,4,4,3,4,5,4,3,3,3,3,2
1500,3,3,2,2,4,4,2,3,3,3,3
3800,4,4,3,4,3,4,3,3,3,3,2
410,4,2,2,3,4,3,2,1,2,2,1
1111.1,3,4,3,2,3,4,3,3,3,3,4
2600,3,4,3,4,7,4,3,3,3,3,2
3800,4,4,3,3,7,4,3,3,3,3,3
5000,2,4,3,4,5,4,3,3,3,3,4
6000,4,4,3,4,4,4,3,3,3,3,4
1766.7,4,4,3,4,7,4,3,3,3,3,1
1350,3,3,2,1,4,3,2,3,3,3,4
5333.3,4,4,3,4,6,4,3,3,3,3,2
1975,4,4,3,4,6,3,3,3,3,2,2
3750,3,4,3,3,5,4,3,3,3,3,4
3333.3,4,4,3,4,7,4,3,3,3,3,3
1240,4,2,2,2,3,3,3,3,3,3,4
2600,4,4,3,4,3,4,3,3,3,3,1
1200,4,4,3,4,3,3,3,3,3,3,1
2000,2,4,2,3,4,3,3,3,3,2,3
5025,3,4,3,4,6,4,3,3,3,3,3
2400,4,4,3,4,3,4,3,3,3,3,1
1340,4,4,3,3,3,4,3,3,3,3,1
1125,4,2,3,3,4,2,3,3,3,2,1
4466.7,3,4,3,4,4,4,3,3,3,3,1
9133.3,4,4,3,4,7,4,3,3,3,3,2
750,4,4,2,4,5,4,3,3,3,3,1
4000,4,4,3,4,5,4,3,3,3,3,3
1160,4,4,2,3,3,4,3,3,3,3,4
2300,2,2,2,2,3,4,2,3,3,3,1
2000,4,3,3,4,5,4,3,3,3,3,1
500,4,4,3,4,4,2,3,3,3,3,2
4500,4,4,3,4,5,4,3,3,3,3,4
4533.3,4,4,3,4,5,4,3,3,3,3,4
9300,4,4,3,4,5,4,3,3,3,3,1
700,4,4,3,4,6,4,3,2,3,3,1
544.44,3,2,2,1,3,2,3,3,3,3,2
2400,4,4,3,4,5,4,3,3,3,3,1
6166.7,4,4,3,4,4,4,3,3,3,3,3
1450,4,4,3,4,3,4,3,3,3,3,1
4000,4,4,3,4,3,4,3,3,3,3,1
1940,2,4,2,3,2,4,3,3,3,3,2
2507.1,4,4,3,2,5,4,3,3,3,3,2
1600,4,2,2,2,3,4,3,3,3,3,4
2333.3,4,3,2,4,3,3,3,3,3,3,4
3950,4,4,3,4,3,4,3,3,3,3,1
800,4,4,3,4,4,3,3,3,3,3,2
2200,4,4,3,3,3,4,3,3,3,3,2
2400,4,4,3,4,5,4,3,3,3,3,1
5800,4,4,3,4,6,4,3,3,3,3,1
3666.7,4,4,3,4,7,4,3,3,3,3,2
250,2,3,2,4,3,2,2,3,3,3,1
9000,4,3,3,4,6,4,3,3,3,3,3
9000,4,4,3,4,7,4,3,3,3,3,2
2333.3,4,4,3,3,5,3,3,3,3,3,2
6500,3,4,3,4,5,4,3,3,3,3,2
4000,3,4,3,4,6,4,3,3,3,3,3
1575,4,4,2,3,2,3,3,3,3,3,3
850,3,3,3,3,6,3,3,3,3,3,4
2480,4,4,3,4,2,3,3,3,3,2,1
333.33,3,2,2,3,3,4,3,3,3,3,1
2920,4,4,3,3,4,4,3,3,3,3,2
3000,4,4,3,4,3,4,3,3,3,3,4
20000,4,4,3,4,5,4,3,3,3,3,3
8575,4,4,3,4,7,4,3,3,3,3,3
4000,2,4,3,4,6,4,3,3,3,3,2
3000,4,4,3,4,6,4,3,3,3,3,1
1022.2,4,1,2,2,4,3,3,3,3,2,1
2666.7,3,4,3,3,1,3,3,3,3,3,1
826.67,4,4,3,4,2,3,3,3,3,3,1
5525,2,4,3,4,6,4,3,3,3,3,2
1500,4,4,3,4,7,4,3,3,3,3,2
4100,4,4,3,4,4,4,3,3,3,3,2
1200,4,4,3,3,4,4,3,3,3,3,4
3700,2,4,3,3,3,3,3,3,3,2,3
1125,4,4,3,3,5,4,3,3,3,3,3
5750,3,4,3,4,5,4,3,3,3,3,3
2400,4,4,3,4,3,3,3,3,3,3,1
4588.3,4,4,3,4,3,4,3,3,3,3,3
3000,4,4,3,4,7,4,3,3,3,3,4
7500,4,4,3,3,5,4,3,3,3,3,1
1625,4,2,2,4,2,2,3,3,3,2,1
2380,4,4,3,3,3,4,3,3,3,3,3
1250,4,4,3,4,5,4,3,3,3,3,3
595,4,4,2,2,2,3,3,3,3,2,1
3866.7,3,4,3,4,7,4,3,3,3,3,1
2033.3,3,3,3,3,5,4,3,3,3,3,3
1266.7,4,4,3,4,4,3,3,3,3,3,3
1800,4,4,3,3,4,4,3,3,3,3,4
3000,4,3,3,4,7,3,3,3,3,3,1
20000,4,4,3,4,7,4,3,3,3,3,4
1057.5,4,4,2,1,5,4,3,3,3,3,4
737.5,3,2,2,2,3,3,2,3,2,2,2
1200,4,4,2,4,3,2,3,3,3,3,1
3680,4,4,3,4,7,4,3,3,3,3,1
1750,4,4,3,4,5,4,3,3,3,3,4
2320,4,4,2,3,5,3,3,3,3,3,2
2450,4,4,3,4,2,4,3,3,3,3,1
3700,4,4,3,4,3,4,3,3,3,3,1
5000,4,4,3,4,4,3,3,3,3,3,3
8350,4,4,3,4,5,3,3,2,3,2,3
1500,3,4,3,3,4,4,3,3,3,3,3
3125,4,4,3,3,7,4,3,3,3,3,3
1100,3,4,2,4,4,2,3,3,3,3,1
3000,4,4,3,4,3,4,3,3,3,3,1
2100,4,4,2,4,3,3,3,3,3,3,1
257.5,4,4,2,3,7,3,3,1,3,3,1
1633.3,3,4,3,4,3,4,3,3,3,3,1
2000,4,4,3,3,6,2,3,3,3,3,1
1900,4,3,2,4,5,2,3,3,3,3,1
3000,4,4,3,3,4,3,3,3,3,3,4
777.78,3,1,2,2,3,3,3,2,2,3,1
2000,4,3,2,3,3,3,2,3,2,2,1
2400,3,4,3,4,3,3,3,3,3,3,3
8900,4,4,3,4,6,4,3,3,3,3,4
2400,3,4,3,4,3,3,3,3,3,3,1
1283.3,2,4,2,3,5,3,3,3,3,3,1
1750,4,4,3,4,4,3,3,3,3,2,3
2200,2,4,3,4,3,3,3,3,3,3,1
1333.3,4,3,3,3,4,4,3,3,3,3,2
3775,4,4,3,4,7,4,3,3,3,3,2
5150,4,4,3,4,3,3,3,3,3,2,4
4340,4,4,3,4,6,4,3,3,3,3,4
2400,3,4,3,4,6,4,3,3,3,3,2
3333.3,4,4,3,4,5,3,3,3,3,2,2
1888,2,4,2,4,3,3,3,3,3,2,1
2000,3,4,3,2,3,3,3,3,3,3,4
1142.9,4,4,2,1,7,4,3,3,3,3,4
12000,3,4,2,4,6,2,3,3,3,2,4
900,4,4,3,4,6,4,3,3,3,3,1
4066.7,2,4,3,4,4,3,3,3,3,2,4
6933.3,4,4,3,4,7,4,3,3,3,3,2
2625,3,4,3,4,4,4,3,3,3,3,4
5250,4,4,3,3,5,4,3,3,3,3,3
1150,4,4,3,4,5,4,3,3,3,3,1
443.33,3,4,2,2,5,3,3,3,3,2,2
5250,4,4,3,4,4,2,3,3,3,2,3
1720,4,4,3,3,6,4,3,3,3,3,4
4200,4,4,3,4,4,4,3,3,3,3,2
2233.3,4,4,3,3,7,4,3,3,3,3,4
2125,4,4,3,4,5,3,3,3,3,3,1
5200,4,4,3,4,2,4,3,3,3,3,1
5000,4,3,3,4,6,4,3,3,3,3,2
2850,4,4,3,4,7,4,3,3,3,3,1
3000,4,4,3,4,5,3,3,3,3,2,4
2600,3,4,3,4,5,4,3,3,3,3,1
4400,4,4,3,4,4,4,3,3,3,2,4
2112.5,3,4,3,3,2,3,3,3,3,3,2
850,4,3,3,4,3,3,3,3,3,3,2
5000,4,4,3,4,7,4,3,3,3,3,3
2900,3,4,3,4,3,4,3,3,3,3,4
750,4,4,2,4,4,3,3,3,3,2,1
1000,3,4,2,3,4,3,3,3,3,2,4
1090.9,4,4,2,1,4,4,3,3,3,3,4
4000,4,4,3,4,3,4,3,3,3,3,1
2350,4,4,3,4,5,4,3,3,3,3,1
3498.3,4,4,3,3,5,3,3,3,3,3,4
3200,2,4,2,3,5,4,3,3,3,3,4
3400,4,4,3,4,3,4,3,3,3,3,2
8450,4,3,3,4,6,4,3,3,3,3,4
2400,3,4,3,4,5,4,3,3,3,3,1
1625,4,4,2,4,4,2,3,3,3,3,1
4950,4,4,3,4,5,4,3,3,3,3,1
3333.3,4,4,3,4,5,4,3,3,3,3,4
5000,3,4,2,4,5,4,3,3,3,2,4
4400,4,4,3,4,5,4,3,3,3,3,1
4999.3,4,4,2,4,2,4,3,3,3,3,1
2520,4,4,3,4,7,4,3,3,3,3,3
2350,4,3,3,4,6,3,2,3,3,2,2
7000,2,4,3,4,6,4,3,3,3,3,1
325,2,2,2,3,3,3,2,3,2,2,1
3733.3,3,4,3,4,3,4,3,3,3,3,4
1125,4,4,3,3,3,4,3,3,3,3,2
2950,4,4,3,4,3,4,3,3,3,2,1
1466.7,3,4,3,3,4,3,3,3,3,3,3
2150,4,4,2,3,5,4,3,3,3,3,3
1080,4,3,2,3,4,4,3,3,3,3,2
2400,4,4,3,4,4,4,3,3,3,3,1
1425,4,4,2,4,3,3,3,3,3,3,2
2300,4,4,3,4,2,3,3,3,3,3,1
1396,4,1,2,3,4,4,3,3,3,3,3
4900,4,4,3,4,2,4,3,3,3,3,2
1250,3,4,3,4,7,3,3,3,3,2,1
4650,4,4,3,4,6,4,3,3,3,3,4
12000,4,4,3,4,6,4,3,3,3,3,3
3400,4,1,3,4,7,4,3,3,3,3,3
3400,4,4,3,4,3,4,3,3,3,3,1
1750,4,4,2,1,4,4,3,3,3,3,2
325,2,2,2,3,4,3,3,3,2,3,2
5300,4,4,3,4,7,4,3,3,3,3,3
3200,3,4,2,3,6,3,3,3,3,3,3
600,4,3,2,1,4,3,3,3,3,2,2
6000,3,4,3,4,3,4,3,3,3,2,1
1842.5,4,3,3,3,3,3,2,3,3,3,1
850,4,4,3,3,5,4,3,2,3,3,4
383.33,4,4,3,3,7,3,3,3,3,3,3
4500,3,4,3,4,3,3,3,3,3,2,2
2000,4,4,3,3,4,4,3,3,3,3,1
4100,3,3,3,4,2,2,3,3,3,3,1
3310,3,4,2,3,5,3,3,3,3,3,4
4500,4,4,3,4,4,4,3,3,3,3,2
2333.3,3,4,3,3,4,2,3,3,3,3,1
3750,4,4,3,3,7,4,3,3,3,3,4
6250,4,4,3,4,7,4,3,3,3,3,1
2300,4,4,3,4,3,2,3,3,3,3,1
7000,4,4,3,4,7,4,3,3,3,3,3
5933.3,3,4,2,3,5,3,3,3,3,3,3
1975,3,3,3,3,4,3,2,3,3,3,4
6700,3,4,3,4,6,4,3,3,3,3,4
4375,4,4,3,3,6,4,3,3,3,3,4
1020,4,3,3,2,3,2,2,1,3,2,3
3333.3,3,4,3,4,6,3,3,3,3,2,4
2600,4,4,3,4,3,4,3,3,3,3,1
2400,4,4,3,4,3,4,3,3,3,3,1
4333.3,4,3,3,3,3,3,3,3,3,3,4
2400,4,4,3,4,3,4,3,3,3,3,1
16500,4,4,3,4,6,4,3,3,3,3,3
3371.4,4,4,2,2,3,3,3,3,3,3,3
4566.7,4,4,2,4,6,3,3,3,3,2,3
912.22,4,2,2,1,5,3,2,3,3,3,2
9500,4,4,3,4,7,4,3,3,3,3,1
1333.3,4,2,3,3,3,4,3,3,3,3,1
1200,4,4,3,4,5,4,3,3,3,3,1
3250,3,4,3,4,3,3,3,3,3,3,1
3800,4,3,3,4,3,3,3,1,3,2,1
833.33,3,4,2,4,3,3,3,3,3,3,2
2150,4,4,3,4,4,4,3,3,3,3,2
1500,3,4,3,3,3,2,3,3,3,3,3
13500,4,4,3,4,6,4,3,3,3,3,3
3000,4,1,3,4,3,2,3,3,3,3,4
2116.7,4,3,2,1,5,3,3,2,3,3,3
7000,3,4,3,4,7,4,3,3,3,3,3
2000,4,4,3,4,4,4,3,3,3,3,4
1625,4,4,3,3,2,4,3,3,3,3,1
2800,2,4,3,4,3,4,3,3,3,3,1
3200,4,4,3,3,7,4,3,3,3,3,2
2275,4,4,3,3,3,3,3,3,3,3,1
4900,4,4,3,4,3,4,3,3,3,3,1
2825,4,3,3,3,3,4,3,3,3,3,3
875,4,2,2,1,5,3,3,1,3,2,4
2400,4,4,2,4,2,3,3,3,3,2,1
3875,4,4,3,4,7,4,2,3,3,3,4
16650,4,4,3,4,6,4,3,3,3,3,3
5000,4,4,3,4,7,4,3,3,3,3,3
2400,3,3,3,4,2,3,3,3,3,3,1
7500,4,4,3,4,7,4,3,3,3,3,1
5650,4,2,2,3,3,3,2,3,2,3,4
2200,3,4,3,4,3,3,3,3,3,3,1
1586.7,3,4,3,4,4,4,3,3,3,2,1
1688,4,3,3,3,3,4,3,3,3,3,1
3466.7,4,4,3,3,2,3,3,3,3,3,4
12000,4,4,3,4,3,4,3,1,3,3,3
1700,3,4,2,2,4,4,3,3,3,3,1
3630,4,4,3,4,4,4,3,3,3,3,4
4190,4,4,3,4,4,4,3,3,3,3,2
1485,4,4,3,3,6,4,3,3,3,3,1
7000,4,4,3,4,7,4,3,3,3,3,3
2366.7,4,4,3,4,7,4,3,3,3,3,3
3333.3,4,4,3,4,6,4,3,3,3,3,3
11500,4,4,3,4,6,4,3,3,3,3,2
750,3,4,3,3,3,3,3,3,3,3,2
942.86,4,4,3,2,5,4,3,3,3,3,2
5200,4,4,3,4,3,4,3,3,3,3,4
2320,4,4,3,3,7,4,3,3,3,3,3
3250,4,3,3,4,3,3,3,3,3,3,3
3133.3,3,4,3,3,5,3,3,3,3,3,4
2350,4,4,3,4,5,4,3,3,3,3,2
9200,3,4,3,4,4,4,3,3,3,3,4
9000,4,4,2,4,6,3,3,3,3,2,2
2175,4,4,2,3,5,3,3,3,3,2,4
7100,4,4,3,4,7,4,3,3,3,3,3
2450,4,2,3,4,3,3,3,3,3,3,1
255.56,4,3,2,2,2,3,2,3,3,3,3
1500,4,3,3,4,3,4,3,3,3,3,2
1036.3,4,4,3,4,3,4,3,3,3,3,4
2800,4,4,3,4,3,4,3,3,3,3,1
5600,4,4,3,4,4,4,3,1,3,3,4
3750,3,4,3,4,7,4,3,3,3,3,3
1650,3,4,3,3,5,3,3,3,3,3,2
7333.3,4,4,3,4,6,4,3,3,3,3,4
11333,3,3,3,4,7,3,3,3,3,3,4
2350,4,4,3,3,3,4,3,3,3,3,4
3750,4,4,3,4,6,4,3,3,3,3,2
5000,4,4,3,4,4,3,3,3,3,2,4
1974.7,4,4,3,3,3,4,3,3,3,3,2
4250,3,4,3,4,5,4,3,3,3,3,3
2650,4,4,3,4,5,3,3,3,3,3,1
7000,4,4,3,4,3,2,3,3,3,3,1
1305.6,4,2,2,2,2,4,2,1,3,3,1
1600,3,4,3,3,7,4,3,3,3,3,2
2914.3,3,4,2,3,3,3,3,3,3,3,3
2500,4,4,3,4,3,4,3,3,3,3,1
3166.7,4,4,3,2,7,3,3,3,3,3,3
2000,4,4,3,4,5,4,3,3,3,3,1
1200,3,4,3,4,2,3,3,3,3,3,1
7833.3,4,4,3,4,6,4,3,3,3,3,4
3200,3,4,3,4,4,1,1,1,3,3,3
2500,4,4,3,4,5,4,3,3,3,3,4
4200,4,4,3,1,7,4,3,3,3,3,1
1862.5,4,4,3,4,3,4,3,3,3,3,3
1200,4,2,2,4,2,2,3,3,3,3,2
2100,4,4,3,4,4,3,3,3,3,3,1
1250,4,4,3,4,5,4,3,3,3,3,4
9000,4,4,3,4,7,4,3,3,3,3,3
1000,2,1,3,3,3,4,3,3,3,3,4
2300,4,4,3,3,5,2,3,3,3,3,3
5000,4,4,3,4,3,4,3,3,3,3,1
5800,4,4,3,4,7,4,3,3,3,3,3
3600,3,4,3,3,6,3,3,3,3,2,2
2400,4,2,2,4,5,4,3,1,2,3,1
2433.3,4,4,3,4,7,3,3,3,3,3,2
8000,4,4,3,4,7,4,3,3,3,3,2
4820,4,4,3,3,4,3,3,3,3,3,2
1500,4,4,3,4,5,2,3,3,3,3,3
1956,3,3,3,2,3,4,3,3,3,3,4
600,3,2,3,4,4,3,3,3,3,2,1
7000,4,4,3,4,5,4,3,3,3,3,1
2266.7,4,4,3,4,5,4,3,3,3,3,1
500,4,4,3,4,4,4,3,3,3,3,3
2000,4,4,3,3,4,4,3,3,3,3,4
1746.5,4,4,3,3,3,4,3,3,3,3,2
2878.3,4,4,3,3,4,3,3,3,3,3,2
3666.7,4,4,3,4,5,4,3,3,3,3,4
7000,4,4,3,4,7,4,3,3,3,3,2
1125,3,4,2,4,5,3,3,3,3,3,4
2165,4,4,3,4,4,4,3,3,3,3,1
1000,4,4,3,3,7,4,3,3,3,3,4
2516.7,4,4,3,4,5,4,3,3,3,3,3
3533.3,2,4,3,3,4,3,3,3,3,3,4
1345,4,3,2,2,4,4,2,3,3,3,2
2120,4,4,3,3,7,4,3,3,3,3,2
1725,4,4,3,4,2,4,3,3,3,3,4
5333.3,4,4,3,4,5,4,3,3,3,3,1
7133.3,4,4,3,4,3,3,3,3,3,2,4
8750,4,4,3,4,7,4,3,3,3,3,4
2750,4,4,3,4,7,3,3,3,3,3,3
2450,4,4,3,3,5,4,3,3,3,3,3
5750,4,3,3,4,5,4,3,3,3,3,3
3350,4,4,3,3,4,3,2,3,3,3,4
3000,4,4,3,4,5,4,3,3,3,3,2
1700,4,4,3,4,4,4,2,3,3,3,2
1500,4,4,3,4,4,3,3,3,3,2,4
2966.7,4,4,3,4,3,4,3,3,3,3,3
2550,4,4,3,4,3,4,3,3,3,3,1
3133.3,4,4,3,4,5,4,3,3,3,3,1
5500,4,4,3,4,7,3,3,3,3,3,1
11000,4,4,3,4,5,4,3,3,3,3,2
3333.3,4,4,3,3,7,4,3,3,3,3,3
6833.3,4,4,3,4,7,2,3,3,3,2,3
3000,4,4,3,4,7,4,3,3,3,3,3
1333.3,4,4,2,4,4,3,3,3,3,3,2
4700,4,4,3,4,5,4,3,3,3,3,1
5000,4,4,2,4,5,3,3,3,3,2,4
1600,4,1,3,3,4,4,2,3,3,3,4
2000,3,3,3,3,3,3,3,3,3,3,3
3000,4,4,3,3,6,3,3,3,3,3,3
2000,4,3,2,3,4,3,3,3,3,2,3
7000,4,4,3,4,5,4,3,3,3,3,2
1333.3,4,4,3,4,3,4,3,3,3,3,1
3833.3,4,4,3,4,5,4,3,3,3,3,3
4125,4,4,3,3,7,3,3,3,3,3,2
2191.7,3,3,3,4,3,3,3,3,3,3,4
220,4,4,2,3,3,3,3,1,3,2,1
4192.5,4,4,3,4,5,4,3,3,3,2,4
9000,4,4,3,4,7,4,3,3,3,3,4
0,4,2,2,4,2,2,2,3,3,3,1
1300,3,4,2,4,3,4,3,3,2,3,4
1666.7,4,4,3,4,7,4,3,3,3,3,2
2166.7,4,4,3,4,6,4,3,3,3,3,2
2700,4,4,3,4,7,4,3,3,3,3,1
3700,4,4,3,4,5,3,3,3,3,2,2
2000,4,4,3,3,6,4,3,3,3,3,1
1340,4,2,3,3,4,4,2,3,3,3,4
4500,4,4,3,4,4,4,3,3,3,3,4
1000,4,4,3,4,5,3,3,3,3,2,1
1333.3,4,4,3,4,3,4,3,3,3,3,2
5623,4,4,3,4,5,4,3,3,3,3,3
4000,4,4,3,4,6,4,3,3,3,3,4
2600,4,4,3,3,7,4,3,3,3,3,4
800,3,4,2,2,3,3,3,3,3,3,3
1725,4,4,3,4,5,4,3,3,3,3,4
3150,4,4,3,4,5,4,3,3,3,3,1
3000,4,4,3,4,2,3,3,3,3,3,1
900,4,3,3,4,3,2,3,3,3,3,2
1564.8,4,4,3,3,2,3,3,3,3,3,1
1382.5,3,4,3,3,5,4,3,3,3,3,4
1850,4,2,2,4,1,3,2,3,2,3,1
7000,2,4,3,3,7,4,3,3,3,3,3
6200,4,4,3,4,5,4,3,3,3,3,1
825,4,3,3,2,4,3,3,3,3,3,4
3775,4,4,3,4,3,3,3,3,3,3,1
1516,4,4,3,3,3,3,3,3,3,2,3
4367.5,4,4,3,4,7,4,3,3,3,3,1
6000,4,4,3,4,6,4,3,3,3,3,3
3500,4,4,3,3,4,2,3,3,3,2,3
5400,4,4,3,4,3,4,3,3,3,3,1
2500,4,4,3,4,4,4,3,3,3,3,1
1400,4,4,3,3,7,4,3,3,3,3,3
10000,4,4,3,4,6,4,3,3,3,3,3
850,3,4,3,4,5,4,3,3,3,3,1
1200,4,4,3,4,4,4,3,3,3,3,1
3250,4,4,3,4,7,3,3,3,3,3,3
4500,4,4,3,4,7,4,3,3,3,3,1
1666.7,3,4,3,4,5,3,3,3,3,2,3
700,3,3,2,2,2,4,3,3,3,3,2
4170,4,4,3,4,4,4,3,3,3,3,4
4000,4,4,3,4,4,4,3,3,3,2,4
3466.7,3,4,3,4,6,4,3,3,3,3,4
166.67,4,4,3,4,3,4,3,3,3,3,2
2400,4,4,3,4,3,3,3,3,3,3,1
8400,4,4,3,4,7,4,3,3,3,3,4
4800,4,4,3,4,7,4,3,3,3,3,3
2445,4,4,3,4,5,4,3,3,3,3,1
3500,3,4,3,4,5,3,3,3,3,3,2
1566.7,4,4,2,3,3,4,3,3,3,3,1
4100,4,4,3,4,3,4,3,3,3,3,1
1833.3,4,3,3,3,3,2,3,3,3,3,3
1850,4,4,3,4,5,4,3,3,3,3,1
2600,3,4,3,4,3,3,3,3,3,3,1
3200,3,4,3,4,3,3,3,3,3,3,3
9100,4,4,3,4,5,4,3,3,3,3,3
2100,4,4,3,3,5,4,3,3,3,3,4
1370,2,3,2,3,3,3,3,3,3,3,1
6250,4,4,3,4,7,4,3,3,3,3,1
2800,4,3,3,4,2,3,3,3,3,3,1
1750,4,4,3,4,5,3,3,3,3,2,4
975,4,4,3,3,6,4,3,3,3,3,4
4500,4,4,3,4,7,4,3,3,3,3,3
2550,4,4,3,4,4,4,3,3,3,3,1
337.5,4,4,2,3,3,4,2,3,3,3,2
2750,4,4,3,3,4,4,3,3,3,3,1
2650,2,4,3,4,2,3,3,3,3,3,1
4460,3,4,3,4,2,4,3,3,3,3,1
9500,4,4,3,4,6,4,3,3,3,3,3
6750,3,4,3,4,5,3,3,3,3,3,3
2200,4,4,3,4,3,4,3,3,3,3,1
3500,4,4,3,4,7,4,3,3,3,3,1
1766.7,4,4,3,3,3,4,3,3,3,3,1
6120,4,4,3,4,7,4,3,3,3,3,2
7100,4,4,3,4,6,4,3,3,3,3,3
3666.7,4,4,3,4,7,4,3,3,3,3,3
1825,4,4,3,4,4,3,3,3,3,2,1
1833.3,4,4,3,4,2,4,3,3,3,3,2
2028.6,4,4,2,3,5,3,2,3,3,2,3
5360,4,4,2,4,3,3,3,3,3,3,1
2600,4,2,2,4,3,3,3,3,3,3,1
3866.7,3,4,3,4,3,3,3,3,3,3,1
2375,4,4,3,3,5,4,3,3,3,3,3
7333.3,4,4,3,4,7,3,3,3,3,3,1
2937.5,4,4,2,3,3,3,3,3,3,2,3
4150,4,3,2,3,4,2,2,1,2,2,4
1372,3,4,2,3,3,3,3,3,3,2,2
2450,4,4,3,4,6,4,3,3,3,3,3
4075,4,4,3,3,6,4,3,3,3,3,3
2666.7,3,4,2,4,3,3,3,3,3,3,2
2400,3,4,2,4,2,3,3,3,3,3,1
1200,4,3,2,4,3,1,1,1,2,3,1
1080,4,4,3,3,7,4,3,3,3,2,2
2400,4,4,3,4,6,4,3,3,3,3,1
3936.5,4,4,3,3,2,4,3,3,3,3,2
3200,3,4,3,4,3,4,3,3,3,3,4
3070,4,4,3,3,3,4,3,3,3,3,4
1200,3,4,2,3,3,3,3,3,3,3,4
2525,4,4,3,4,4,3,3,3,3,2,4
4233.3,4,4,2,4,4,4,3,3,3,3,4
7550,4,4,3,4,5,4,3,3,3,3,1
2750,3,4,3,4,6,4,3,3,3,3,1
3300,4,4,3,4,7,4,3,3,3,3,2
2466.7,3,3,2,2,5,2,2,3,3,3,2
5525,4,4,3,3,3,4,3,3,3,3,3
6733.3,4,4,3,4,5,3,3,3,3,3,4
3750,4,4,3,4,5,4,3,3,3,3,4
8000,4,2,3,4,7,3,3,3,3,3,2
643.33,2,3,2,3,4,4,3,3,3,3,1
7500,4,4,3,4,7,4,3,3,3,3,2
3380,4,4,3,3,4,4,3,3,3,3,4
3125,4,4,3,4,4,4,3,3,3,3,1
3600,4,1,2,4,5,3,3,3,3,3,3
1952,4,3,2,3,2,4,2,3,3,3,2
1500,4,4,2,1,6,2,2,3,2,2,1
1550,4,4,3,3,3,4,3,3,3,3,4
3705,3,4,3,4,3,4,3,3,3,2,1
4750,4,4,3,4,7,4,3,3,3,3,4
4165,4,3,3,4,3,4,3,3,3,3,1
2314.3,4,4,3,3,6,4,3,3,3,3,2
1750,4,4,3,3,7,3,3,3,3,3,4
1080,3,2,2,3,3,4,3,1,3,3,2
200,4,4,2,4,5,3,3,3,3,2,1
2125,3,4,3,3,7,4,3,3,3,3,3
4000,4,4,3,3,5,3,3,3,3,2,3
3290,4,3,2,3,2,3,3,3,3,3,3
3500,4,4,2,4,5,4,3,3,3,3,4
2371.4,4,4,3,3,5,4,3,3,3,2,4
2600,4,4,3,3,6,4,3,3,3,3,3
2462,4,4,3,2,4,4,3,1,2,3,4
3500,3,4,3,4,7,3,3,3,3,2,3
5466.7,4,4,3,4,7,4,3,3,3,3,2
1200,4,4,3,4,4,3,3,3,3,3,1
1542.9,4,4,3,2,4,4,3,3,3,3,1
800,4,4,2,3,2,2,3,3,3,3,1
4305,4,4,3,3,6,4,3,3,3,3,3
1140,3,2,3,4,2,3,3,3,3,3,1
2483.3,4,4,3,3,6,4,3,3,3,2,2
1857.1,4,4,2,1,5,3,3,3,3,2,2
14158,4,4,3,4,6,4,3,3,3,3,3
1183.3,3,4,3,3,4,3,3,3,3,3,1
2200,3,4,3,4,2,3,3,3,3,3,1
3000,3,4,3,4,3,4,3,3,3,3,2
4350,4,4,3,4,5,3,3,3,3,3,2
2125,4,4,2,4,3,4,3,3,3,3,2
550,3,3,3,2,5,3,2,3,3,3,1
3816.7,4,4,3,4,1,4,3,3,3,3,1
3666.7,4,3,3,3,6,3,3,3,3,3,4
2590,4,4,3,4,4,4,3,3,3,3,1
4900,3,4,3,4,3,4,3,3,3,3,3
1240,4,4,3,3,4,3,3,3,3,2,2
2400,4,4,3,4,3,4,3,3,3,3,2
2693.3,4,4,2,4,2,3,3,3,3,3,4
2400,4,2,3,2,7,4,3,3,3,3,3
11000,4,4,3,4,5,4,3,3,3,3,1
1900,4,4,3,3,4,3,3,3,3,2,4
980,4,3,3,3,4,4,3,3,3,3,1
1555.6,4,3,3,1,4,2,3,3,3,3,2
1866.7,4,4,3,3,4,4,3,3,3,3,4
3950,4,4,3,4,4,4,3,3,3,3,1
3375,4,4,3,3,5,4,3,3,3,3,4
2400,4,4,3,4,2,3,3,3,3,3,1
8000,4,4,3,3,4,3,3,3,3,2,4
3490,3,4,3,4,3,4,3,3,3,3,1
4100,4,4,2,4,6,3,3,3,3,2,2
4550,4,4,3,4,5,4,3,3,3,3,2
2680,4,3,2,4,3,3,3,3,2,2,2
9500,4,4,3,4,4,4,3,3,3,3,3
650,3,1,2,1,3,2,2,1,2,3,2
2700,4,4,3,4,5,4,3,3,3,3,2
1000,4,2,3,1,4,3,3,1,3,2,1
1523.3,4,4,3,3,4,4,3,3,3,3,2
3785.7,4,4,3,1,7,4,3,3,3,3,2
5500,4,4,3,4,5,4,3,3,3,3,4
2400,4,4,3,4,7,4,3,3,3,3,1
5500,4,4,3,4,7,4,3,3,3,3,2
3200,4,4,3,2,7,4,3,3,3,3,3
357.14,3,1,2,1,3,3,2,3,3,3,1
2666.7,4,4,3,4,5,3,3,3,3,3,1
4766.7,4,4,3,4,7,4,3,3,3,3,2
5440,4,4,3,4,4,4,3,3,3,3,2
2400,4,4,3,4,3,4,3,3,3,3,1
2000,3,3,2,1,4,3,2,3,2,2,4
3433.3,4,4,3,4,4,3,3,3,3,2,1
6000,4,4,3,4,2,4,3,3,3,2,2
2000,3,4,2,3,3,3,3,3,3,3,1
2150,3,4,3,4,4,4,3,3,3,3,2
4433.3,4,4,3,4,5,3,3,3,3,2,1
1350,2,4,2,4,4,3,3,3,3,2,1
1407.1,4,4,3,3,4,4,3,3,3,3,4
6000,4,4,3,4,5,4,3,3,3,3,4
800,4,4,3,3,5,3,3,3,3,3,4
1210,3,2,3,2,3,1,1,3,2,3,1
2400,3,4,2,4,5,3,3,3,3,3,1
1550,4,2,2,4,2,3,2,1,2,2,4
5000,3,2,2,4,6,2,2,3,2,2,1
1180,3,1,2,1,4,2,2,3,1,3,1
354.46,4,2,2,1,2,3,2,3,3,2,1
3050,4,4,3,4,4,4,3,3,3,3,1
2666.7,3,4,3,4,4,4,3,3,3,3,1
10000,4,4,3,4,7,4,3,3,3,3,2
1000,4,2,3,4,3,4,3,3,3,3,2
2625,4,4,3,4,3,2,3,3,3,2,4
4300,4,4,3,4,4,4,3,3,3,3,4
200,3,3,2,3,3,3,3,3,3,3,1
4400,2,4,3,4,3,4,3,3,3,3,2
1772,4,4,3,2,4,4,3,3,3,3,1
150,4,4,3,4,2,3,3,3,3,3,2
3000,2,2,3,3,4,3,2,3,3,3,4
7000,4,4,3,4,6,3,3,3,3,2,4
1900,4,4,3,3,6,4,3,1,3,3,2
225,4,3,2,1,3,3,2,2,2,3,1
2700,4,4,3,3,7,4,3,3,3,3,4
4300,3,3,3,4,3,3,3,3,3,3,1
2240,3,3,2,3,3,3,3,3,3,3,1
1720,3,4,3,4,3,3,3,3,3,3,2
2200,3,3,2,4,3,1,1,1,3,3,1
920,2,2,2,3,4,3,3,3,3,3,1
6700,4,4,3,4,3,4,3,3,3,3,1
1935,4,4,3,4,3,2,3,3,3,3,1
2600,4,4,3,3,4,3,3,3,3,3,4
872,4,4,3,3,4,3,3,3,3,2,4
500,4,4,2,2,4,3,3,3,3,3,2
2200,4,4,3,4,7,4,3,3,3,3,1
3975,4,4,3,4,4,4,3,3,3,3,2
5700,3,4,3,4,5,4,3,3,3,3,4
1200,4,4,3,3,3,3,3,3,3,3,2
310,3,1,2,1,3,2,2,3,3,3,2
1239.4,4,4,3,2,3,4,3,1,3,3,4
1400,3,4,3,4,4,4,3,3,3,2,1
2475,4,4,3,4,5,4,3,3,3,3,1
4582.5,4,4,3,4,7,4,3,3,3,3,3
2500,4,2,3,4,3,3,3,3,3,3,1
1000,4,4,2,3,3,3,3,3,3,2,4
1460,4,3,3,3,5,4,2,3,3,3,3
7840,4,4,3,4,7,4,3,3,3,3,4
1750,3,4,3,3,2,3,3,3,3,3,2
5000,4,3,3,4,5,4,3,3,3,3,1
4300,3,3,3,4,3,4,3,3,3,3,1
0,4,4,3,2,3,4,3,3,3,3,1
10000,4,4,3,4,6,4,3,3,3,3,4
2750,4,4,3,4,5,4,3,3,3,3,2
1595,2,3,2,4,3,3,2,3,3,3,3
0,4,4,3,4,3,4,3,3,3,3,1
420,3,4,2,1,4,3,2,3,3,3,1
1000,4,2,2,3,5,2,2,3,2,2,3
11000,2,4,3,4,7,4,3,3,3,3,2
1422.2,4,3,2,2,2,3,3,3,3,3,3
2200,3,4,3,3,5,3,3,3,3,3,4
3375,3,4,2,3,4,3,3,3,3,3,2
2700,4,4,3,4,3,3,3,3,3,3,1
5000,4,4,3,4,6,4,3,3,3,3,1
786.67,4,3,2,3,4,3,2,3,3,2,4
1712.5,4,2,2,2,5,4,3,3,3,2,1
1840,4,4,3,3,6,3,3,3,3,3,2
3000,4,4,3,4,5,4,3,3,3,3,1
1333.3,4,4,3,4,5,4,3,3,3,3,4
6000,4,3,2,4,4,3,3,3,3,3,3
1356,4,2,2,3,3,4,3,3,3,3,3
4066.7,4,4,3,4,3,3,3,3,3,2,1
2666.7,3,4,3,4,5,4,3,3,3,3,4
1700,4,3,3,4,2,3,3,1,3,3,1
1666.7,4,4,3,4,4,4,3,3,3,3,2
1750,3,4,3,3,3,3,3,3,3,3,4
1250,4,2,2,1,4,3,2,1,3,2,4
2833.3,4,4,2,3,3,2,3,3,3,3,3
833.33,4,2,3,3,4,3,3,3,3,2,4
1500,3,3,2,3,4,3,3,3,3,3,4
3200,3,4,3,4,5,4,3,3,3,3,3
437.5,4,4,3,3,3,3,3,3,3,3,2
1060,2,3,3,3,3,4,3,3,3,3,4
3550,3,3,2,3,5,4,2,3,2,3,3
916.67,3,2,3,2,2,4,3,3,3,3,2
3266.7,4,4,3,3,5,4,3,3,3,3,4
176.67,4,3,2,3,4,4,3,1,3,3,1
9500,4,4,3,4,6,4,3,3,3,3,3
2000,3,4,2,4,2,4,3,3,3,3,3
1200,4,4,2,3,4,4,3,3,3,3,4
9500,3,3,3,4,4,4,3,3,3,3,3
4425,4,4,3,4,3,4,3,3,3,3,2
2225,3,3,3,3,3,4,3,3,3,3,2
1800,4,4,3,3,7,4,3,3,3,3,2
0,4,2,2,1,4,2,2,3,3,3,1
1000,4,3,3,3,3,2,3,3,3,3,4
975,4,4,3,4,7,4,3,3,3,3,4
4400,4,4,3,4,4,4,3,3,3,3,3
614.29,1,2,2,1,4,2,2,3,3,3,4
4500,2,4,2,4,4,4,3,3,3,3,4
1120,4,3,2,3,2,3,3,3,3,3,3
2189.1,2,3,2,1,3,3,2,3,3,2,3
1360,2,4,3,3,5,3,3,3,3,3,3
18333,3,4,3,3,3,3,3,3,3,3,4
1337.5,4,3,3,3,5,4,3,3,3,3,2
4000,4,4,3,3,7,4,3,3,3,3,3
1863.3,3,2,3,2,4,3,3,3,3,3,1
7000,4,4,3,4,3,4,3,3,3,3,4
2400,4,4,3,3,7,4,3,3,3,3,3
1250,3,4,3,4,4,3,3,3,3,3,4
5000,4,4,3,4,7,4,3,3,3,3,3
4850,4,4,3,3,4,4,3,3,3,3,4
3166.7,3,4,3,3,3,3,3,3,3,2,1
2600,3,3,3,4,3,3,3,3,3,3,1
4700,4,4,3,4,3,3,3,3,3,3,1
2000,2,4,3,4,5,4,3,3,3,3,1
3333.3,4,4,3,4,5,4,3,3,3,3,4
4354,4,4,3,3,2,3,3,3,3,2,3
2000,2,4,3,3,5,3,3,3,3,3,3
1400,3,4,2,3,5,3,3,3,3,3,3
596.67,3,2,2,3,4,2,3,1,3,3,2
2400,3,2,2,3,4,3,2,3,3,3,3
916.67,1,2,2,4,3,2,2,3,2,3,1
1100,4,2,2,3,7,2,2,3,3,3,4
3600,3,4,3,4,3,3,3,3,3,3,1
1075,3,2,2,1,4,3,2,3,1,2,3
6000,4,4,3,4,4,4,3,3,3,3,4
1700,4,4,3,4,2,4,3,3,3,3,1
5900,2,4,2,4,7,4,3,3,3,3,1
2500,4,4,3,4,5,4,3,3,3,3,1
2000,3,4,3,3,7,4,3,3,3,3,2
4166.7,4,4,3,4,7,4,3,3,3,3,4
1650,4,3,3,4,5,4,3,3,3,2,4
820,4,3,2,3,4,4,3,3,3,3,2
10000,4,4,3,4,5,4,3,3,3,3,3
5400,4,4,3,4,7,3,3,3,3,2,4
2960,4,3,2,4,3,4,3,3,3,3,2
6333.3,4,4,2,2,3,3,2,3,2,2,2
7350,4,3,3,3,7,4,3,3,3,3,2
13300,3,4,3,4,6,4,3,3,3,3,1
3140,4,3,3,2,3,4,3,3,3,3,4
1900,3,4,3,4,7,4,3,3,3,3,2
790,2,3,3,3,2,4,3,3,3,3,4
2600,4,4,3,4,5,4,3,3,3,3,4
3000,4,4,3,4,6,4,3,3,3,3,2
1600,4,4,3,3,3,3,3,3,3,3,1
1650,4,4,3,4,3,4,3,3,3,3,1
2833.3,4,4,2,3,5,3,3,3,3,2,4
1800,3,4,3,4,3,2,3,3,3,2,1
7000,4,4,3,4,7,3,3,3,3,2,4
3600,4,4,2,3,2,2,3,3,3,1,3
2066.7,4,4,3,3,2,3,3,3,3,2,1
6600,4,4,3,4,5,4,3,3,3,3,1
1127.5,4,2,3,1,4,2,3,3,3,3,3
6750,3,4,3,4,7,4,3,3,3,3,2
4750,4,4,3,4,7,3,3,3,3,3,3
1666.7,3,4,3,4,4,3,3,3,3,3,1
2000,3,3,2,3,5,2,3,3,3,2,2
4467.5,4,4,3,4,4,3,3,3,3,3,1
6000,3,4,3,4,5,4,3,3,3,3,3
4333.3,4,4,3,4,7,4,3,3,3,3,2
9250,4,4,3,4,7,4,3,3,3,3,3
1138.6,4,2,3,2,3,3,2,3,3,3,2
3750,4,4,3,4,7,4,3,3,3,3,1
5800,4,4,3,4,5,3,3,3,3,3,4
1800,4,3,2,3,3,3,3,3,3,3,1
9800,4,4,3,4,7,4,3,3,3,3,4
666.67,4,4,2,3,5,2,3,3,3,2,2
811.11,4,4,2,2,3,2,2,3,3,3,1
4750,4,4,3,4,4,4,3,3,3,3,1
600,2,4,2,4,4,4,3,3,3,3,2
400,3,2,2,3,3,3,2,3,2,2,4
900,4,4,3,4,7,4,3,3,3,3,2
5000,4,4,3,3,6,4,3,3,3,3,4
1563.3,2,4,2,3,2,3,2,3,3,3,4
12500,4,4,3,4,6,4,3,3,3,3,2
1400,4,3,2,4,5,4,3,3,3,3,1
5500,4,4,3,3,4,3,3,3,3,3,4
1700,4,4,3,4,5,4,3,3,3,3,1
2500,3,2,2,2,3,2,3,3,3,3,2
1083.3,3,3,2,2,4,2,2,3,3,2,4
1150,4,4,3,4,5,4,3,3,3,3,1
0,4,2,2,1,4,4,2,3,2,2,3
8675,3,4,3,3,3,3,3,3,3,2,4
2600,4,4,3,4,3,4,3,3,3,3,1
3400,4,4,3,4,2,3,3,3,3,3,1
1500,4,4,3,4,4,4,3,3,3,3,1
2350,4,4,3,4,5,4,3,3,3,3,3
5900,4,4,3,4,5,3,3,3,3,2,1
2666.7,3,3,2,4,3,3,2,3,2,3,1
3333.3,4,4,3,4,4,2,3,3,3,3,3
1120,3,4,3,3,3,3,3,3,3,3,2
9000,4,4,3,4,7,4,3,3,3,3,2
2840,4,2,3,3,4,3,3,3,3,3,3
1700,3,3,2,3,3,4,3,3,3,3,2
2050,2,4,3,3,6,3,3,3,3,3,2
4000,4,4,3,4,5,3,3,3,3,2,4
2360,4,4,3,3,2,4,3,3,3,2,1
1500,4,4,3,3,7,4,3,3,3,3,2
2833.3,3,3,3,2,4,4,3,3,3,3,4
5666.7,4,4,2,4,2,3,3,3,3,3,4
2250,4,4,3,3,4,4,3,3,3,3,1
3375,4,4,3,3,4,4,3,3,3,3,4
2400,4,4,3,3,7,4,3,3,3,3,3
1380,3,2,3,1,4,1,1,2,2,3,4
3466.7,3,4,3,4,3,3,3,3,3,3,2
4600,2,4,3,4,3,4,3,3,3,3,1
3363.3,4,4,3,4,4,4,3,3,3,2,3
3000,4,4,3,4,6,4,3,3,3,3,2
6666.7,4,4,3,4,5,4,3,3,3,3,2
3250,3,3,3,2,3,4,3,3,3,3,3
6133.3,3,4,3,4,4,3,2,3,3,3,4
5000,4,4,3,4,5,3,3,3,3,3,4
2266.7,4,4,3,4,7,4,3,3,3,3,4
666.67,3,4,2,4,4,3,3,3,3,3,4
2400,4,4,3,4,3,4,3,3,3,3,1
2500,4,4,3,4,6,4,3,3,3,3,1
4200,4,4,3,4,4,3,3,3,3,2,4
8600,4,4,3,4,7,4,3,3,3,3,2
3750,4,4,3,4,5,4,3,3,3,3,3
1850,4,4,3,4,5,4,3,3,3,3,4
883.33,4,4,2,3,3,3,3,3,3,3,4
2500,4,4,3,4,5,4,3,3,3,3,3
3260,2,4,3,2,4,4,3,3,3,3,4
3650,4,3,3,4,5,4,3,3,3,3,1
1000,4,2,2,1,4,2,2,3,3,3,1
12000,4,4,3,4,6,4,3,3,3,3,3
1120,3,3,2,4,6,4,3,3,3,3,2
765,3,3,2,3,2,2,2,3,2,2,2
1297.5,4,3,2,2,5,4,3,3,3,3,3
3666.7,4,4,3,2,6,4,3,3,3,3,2
6500,4,4,3,3,3,3,3,3,3,2,3
2800,4,4,3,4,3,2,3,3,3,3,1
12000,4,4,3,4,7,4,3,3,3,3,2
2403,4,4,3,4,3,3,3,3,3,3,1
1577.5,4,4,3,4,3,4,3,3,3,3,4
8750,4,4,3,4,6,4,3,3,3,3,3
2500,4,4,3,3,5,3,3,3,3,2,2
3150,4,1,2,2,4,2,2,3,2,2,3
4500,4,4,3,4,3,4,3,3,3,3,1
2400,3,4,3,4,2,4,3,3,3,3,1
4500,4,4,3,4,5,3,3,3,3,3,2
1475,2,3,3,3,3,4,3,3,3,3,2
1083.3,4,4,3,3,3,4,3,3,3,2,1
300,4,3,2,2,4,3,3,3,3,2,1
1642.9,4,4,3,2,3,4,3,3,3,3,4
2100,4,4,3,4,3,4,3,3,3,3,1
2133.3,3,4,3,3,5,4,3,3,3,3,1
3966.7,2,2,3,4,2,2,2,3,3,3,2
300,3,3,2,3,2,2,2,3,2,2,1
1600,4,4,3,4,2,4,3,3,3,2,2
12500,4,4,3,4,7,4,3,3,3,3,3
1780,2,4,2,1,4,2,2,3,2,3,2
2650,4,4,3,4,5,4,3,3,3,3,3
4066.7,3,3,3,4,3,3,3,3,3,2,1
7200,4,4,3,4,7,4,3,3,3,3,1
2350,3,4,3,4,6,4,3,3,3,3,2
6500,2,3,2,3,3,2,3,3,3,3,1
1200,4,3,2,1,4,2,2,1,3,3,1
2300,3,4,2,4,2,3,3,3,3,3,1
1850,4,4,3,4,7,4,3,3,3,3,2
3250,4,4,3,3,6,3,3,3,3,3,2
2000,4,4,3,3,3,4,3,3,3,3,4
3833.3,3,3,2,4,4,2,2,3,3,3,1
2560,3,1,3,3,3,3,2,3,3,2,4
4800,3,4,3,4,3,3,3,3,3,3,1
750,4,3,2,4,7,4,2,3,3,3,4
433.33,3,3,3,2,3,4,3,3,3,3,1
900,3,4,3,3,5,2,3,3,3,3,2
2025,3,4,3,4,5,4,3,3,3,3,2
1000,4,4,2,3,5,2,3,3,3,3,4
1816.7,4,4,2,4,3,3,3,3,3,3,4
8300,4,4,3,4,3,4,3,3,3,3,1
2300,4,4,3,4,5,4,3,3,3,3,4
1080,3,4,3,3,3,3,3,3,3,2,1
1000,4,3,2,3,2,3,3,3,3,2,4
4000,4,4,3,4,3,4,3,3,3,3,1
10000,4,4,3,4,7,3,3,3,3,2,3
2500,4,4,3,4,4,4,3,3,3,3,4
422.22,4,2,3,2,3,2,2,3,3,3,4
7000,4,4,3,4,6,4,3,3,3,3,2
1500,3,4,3,4,5,4,3,3,3,3,2
2100,4,4,3,4,5,4,3,3,3,3,1
8900,4,4,3,4,6,4,3,3,3,3,1
683.33,4,1,3,3,2,4,2,3,3,3,2
2360,4,4,3,4,5,4,3,3,3,3,2
800,3,4,2,4,5,2,3,3,3,3,4
2500,4,4,3,4,3,3,3,3,3,3,1
3100,4,4,3,4,5,4,3,3,3,3,4
4000,4,4,3,4,5,4,3,3,3,3,1
3116.7,4,4,2,3,3,3,3,3,3,3,3
1750,4,4,3,4,5,3,3,3,3,3,4
2533.3,3,3,3,4,5,3,3,3,3,3,3
1200,4,3,3,3,3,4,3,3,3,3,1
4300,4,4,3,4,3,4,3,3,3,3,1
1450,4,4,3,3,5,4,3,3,3,3,4
4600,2,3,2,4,3,3,3,1,2,2,4
14400,4,4,3,4,5,4,3,3,3,3,4
1454.8,4,3,2,2,3,3,2,3,2,3,4
2550,4,4,3,4,5,4,3,3,3,3,1
6000,3,4,3,4,7,4,3,3,3,3,1
2500,4,4,3,4,2,4,3,3,3,3,1
600,2,3,2,3,4,3,3,3,3,3,2
525,4,4,3,4,7,4,3,3,3,3,2
2816.7,4,3,2,3,3,2,2,3,3,3,1
2000,4,4,2,4,3,3,3,3,3,3,2
771.43,4,4,3,2,4,2,3,3,3,3,3
6000,4,4,3,4,7,4,3,3,3,3,1
1180,3,4,2,4,4,2,2,3,3,2,4
1133.3,3,4,2,3,5,3,3,3,3,3,2
6000,4,4,3,4,5,4,3,3,3,3,3
1750,4,4,3,3,5,4,3,3,3,3,3
2933.3,4,4,3,4,5,4,3,3,3,3,3
4666.7,3,4,3,4,7,4,3,3,3,3,1
410,4,3,2,3,2,2,3,3,3,3,1
2675,4,4,3,3,3,4,3,3,3,3,3
1428.6,3,4,3,3,3,3,3,3,3,3,1
6000,4,4,3,4,7,4,3,3,3,3,3
2900,4,4,3,4,7,3,3,3,3,3,2
19000,4,4,3,4,7,4,3,3,3,3,1
1620,3,4,3,4,3,3,2,3,3,3,4
3500,4,4,3,4,3,3,3,3,3,2,2
2400,4,4,3,4,5,4,3,3,3,3,1
3033.3,4,4,3,4,3,3,3,3,3,2,1
5125,4,4,3,4,4,4,3,3,3,3,1
2380,1,4,3,4,3,4,3,3,3,3,1
6666.7,4,4,3,4,7,4,3,3,3,3,3
2050,3,3,2,4,3,4,2,3,3,3,1
1666.7,4,4,2,3,4,3,3,3,3,2,4
1050,2,2,2,1,3,2,2,3,2,2,4
2450,4,4,3,4,3,3,3,3,3,3,1
2120,3,4,2,4,6,3,3,3,3,3,2
1493.3,4,4,3,4,3,3,3,3,3,2,1
1525,3,4,3,4,7,3,3,3,3,3,4
1842.9,3,3,2,2,3,3,2,3,2,3,2
2350,4,4,3,4,4,4,3,3,3,3,1
2051.7,2,4,2,3,2,2,3,3,3,3,3
2175,3,4,3,3,5,3,3,3,3,3,3
733.33,4,3,2,2,3,3,2,3,3,2,3
2425,4,4,3,4,5,3,3,3,3,3,1
2950,4,4,3,4,3,3,3,3,3,3,1
3250,4,4,3,3,7,2,3,3,3,3,4
2000,4,3,3,4,5,4,3,3,3,3,3
2000,3,1,2,3,3,4,2,3,3,3,2
5050,4,4,3,4,1,3,3,3,3,2,1
368,4,4,2,4,5,3,2,3,3,3,1
1333.3,4,4,3,3,5,4,3,3,3,3,1
7000,4,4,3,4,6,4,3,3,3,3,2
7250,4,4,3,4,5,4,2,3,2,2,4
1365.7,4,3,2,1,3,3,3,3,3,3,4
26000,4,4,3,4,7,4,3,3,3,3,3
1220,4,4,2,2,3,3,3,3,3,2,4
1730,3,2,2,2,7,3,2,3,3,2,4
2244.4,4,2,3,3,3,2,2,3,3,3,3
9700,4,4,3,4,5,4,3,3,3,3,1
1266.7,3,3,2,2,3,1,1,1,3,3,3
2900,4,4,2,3,3,3,3,3,3,3,4
1700,4,4,3,3,3,2,3,3,3,3,1
3150,4,4,2,4,5,3,3,3,3,3,2
8500,3,4,3,4,7,4,3,3,3,3,2
3266.7,4,4,3,4,5,3,3,3,3,3,4
2200,1,3,3,4,2,4,3,3,3,3,1
3000,3,4,3,4,6,4,3,3,3,3,3
1500,4,4,3,4,7,3,3,3,3,3,1
1400,4,4,3,4,4,4,3,3,3,3,1
7450,4,4,3,4,5,4,3,3,3,3,2
3150,4,3,3,4,3,4,3,3,3,3,1
3000,4,4,1,4,6,4,3,3,3,3,2
4100,4,4,3,3,3,4,3,3,3,3,1
1350,4,4,3,4,6,3,3,3,3,3,2
3400,4,4,3,4,6,4,3,3,3,3,2
684,4,3,2,1,5,3,3,3,3,3,2
795.4,4,4,2,3,5,3,2,3,2,3,1
2400,4,4,2,4,4,3,3,3,3,2,1
740,3,3,2,1,4,3,2,3,3,3,4
647.5,4,4,3,3,4,2,3,3,3,3,2
890.91,4,3,3,2,5,4,3,3,3,3,1
607.14,4,4,3,3,5,3,3,3,3,3,1
2500,4,4,3,3,7,4,3,3,3,3,4
3300,4,4,3,4,6,4,3,3,3,3,4
1166.7,3,2,2,2,4,2,2,3,3,2,3
4000,3,4,3,4,5,2,3,3,3,2,4
10000,4,4,3,4,7,4,3,3,3,3,4
4800,4,4,3,3,6,4,3,3,3,3,3
2016,3,3,2,3,4,3,2,3,3,2,3
3500,3,3,3,4,5,4,3,3,3,3,4
5000,4,4,3,4,6,4,3,3,3,3,2
2000,4,4,3,4,3,4,3,3,3,2,1
3000,4,3,2,4,3,2,3,3,3,3,1
2000,4,4,3,4,3,3,3,3,3,3,1
4000,4,3,3,3,7,4,3,3,3,3,3
3500,4,2,2,4,3,4,3,3,3,2,3
2200,4,4,3,4,3,4,3,3,3,3,1
2600,4,4,3,4,5,4,3,3,3,3,4
3000,3,3,2,2,4,3,2,3,3,3,4
3000,3,4,2,2,3,3,3,3,3,3,3
1875,4,4,2,3,5,4,3,3,3,3,3
2400,4,4,3,4,2,3,3,3,3,3,1
3150,3,4,3,3,3,3,3,3,3,3,2
1040,4,3,3,3,2,3,3,3,3,3,1
684,3,2,2,1,2,2,2,3,3,2,2
1650,3,4,2,3,5,3,3,3,3,3,2
4250,3,4,2,4,3,3,3,3,3,2,2
2800,4,4,3,3,3,4,3,3,3,3,1
1080,3,1,2,3,4,3,2,3,3,3,4
2000,4,1,2,3,5,2,3,3,3,3,3
15000,4,4,3,4,7,4,3,3,3,3,1
1500,4,4,3,4,6,4,3,3,3,3,4
1100,4,4,2,3,5,4,3,3,3,3,4
3550,4,4,3,4,4,4,3,3,3,3,1
2166.7,4,4,3,4,3,4,3,3,3,3,1
7100,3,4,3,4,4,3,3,3,3,3,4
685,4,4,3,1,4,4,3,3,3,3,4
2000,2,2,2,4,3,2,3,3,3,3,2
4590,4,4,3,3,7,4,3,3,3,3,2
2700,4,4,3,3,7,4,3,3,3,3,4
2400,4,4,3,4,3,4,3,3,3,3,1
4995,4,4,3,3,2,2,3,3,3,3,1
6190,4,4,3,4,3,4,3,3,3,3,1
2833.3,4,4,3,3,2,4,3,3,3,3,1
4650,4,4,3,4,4,4,3,3,3,3,4
4233.3,4,4,3,2,6,4,3,3,3,2,3
2200,4,4,3,4,3,4,3,3,3,3,1
4466.7,2,4,2,4,3,3,3,3,3,3,3
4650,4,4,2,4,3,3,3,3,3,2,3
1700,4,4,3,4,5,3,3,3,3,2,3
893.33,4,4,3,4,4,4,3,3,3,3,1
2976.7,4,4,3,4,3,4,3,3,3,3,4
3166.7,4,4,3,4,3,3,3,3,3,2,3
4200,4,3,3,3,5,4,3,3,3,3,3
6000,4,4,3,4,5,4,3,3,3,3,4
4666.7,4,3,3,4,7,4,3,3,3,3,3
4800,4,4,3,4,3,4,3,3,3,3,1
3100,4,4,3,4,3,4,3,3,3,3,1
2500,3,4,3,3,7,4,3,3,3,3,3
6800,3,4,3,4,7,4,3,3,3,3,4
2300,4,4,3,4,7,4,3,3,3,3,2
5600,4,4,3,4,3,4,3,3,3,3,2
4400,4,4,3,4,3,4,3,3,3,3,1
1076.7,3,1,2,3,3,2,2,3,1,2,2
3240,3,4,3,4,2,4,3,3,3,3,4
909.09,4,3,3,2,3,2,2,3,2,3,2
2400,4,4,3,4,3,4,3,3,3,3,1
2500,4,4,3,4,2,3,3,3,3,3,1
2500,4,4,3,4,3,4,3,3,3,3,4
7750,4,4,3,4,5,4,3,3,3,3,2
660,4,3,2,1,4,3,3,3,3,2,1
2400,4,4,3,4,2,4,3,3,3,2,1
7500,4,4,3,3,7,4,3,3,3,3,3
2322.7,4,2,3,2,4,2,2,1,2,3,3
3450,4,4,3,3,3,3,3,3,3,3,1
10293,4,4,3,3,3,4,3,3,3,3,1
1666.7,4,4,3,4,5,4,3,3,3,3,2
3375,4,4,3,4,5,4,3,3,3,3,4
1400,4,4,3,2,4,4,3,3,3,2,3
3500,4,4,3,4,7,4,3,3,3,3,2
1188.6,3,4,2,2,4,3,3,3,3,3,2
848.33,4,4,3,2,5,4,3,3,3,3,1
34065,4,4,3,4,3,4,3,3,3,3,1
1600,4,4,3,4,7,4,3,3,3,3,1
5700,4,2,2,4,3,3,2,3,2,2,4
1200,4,4,3,3,4,3,3,3,3,3,1
0,4,4,3,4,5,4,3,3,3,3,3
2630,4,4,2,3,5,3,3,3,3,3,3
6500,4,4,3,4,6,3,3,3,3,2,4
3000,4,4,3,4,4,3,3,3,3,3,1
2250,2,4,2,3,3,3,3,3,3,3,4
833.33,4,4,2,4,5,3,3,3,3,3,2
1333.3,4,4,3,3,3,4,3,3,3,3,3
16148,4,4,3,4,4,4,3,3,3,3,2
3000,4,4,3,4,3,4,3,3,3,3,1
26.67,4,4,2,3,4,3,3,2,3,3,4
750,4,4,3,4,7,4,3,3,3,3,1
15000,4,3,3,4,7,4,3,3,3,3,3
4750,4,4,3,4,6,3,3,3,3,2,2
2083.3,4,4,3,3,4,2,3,3,3,3,4
500,3,4,3,3,5,4,3,3,3,3,2
6500,4,4,3,4,5,4,3,3,3,3,4
1375,3,3,3,3,6,4,3,3,3,3,4
3900,3,4,3,3,3,4,3,3,3,3,1
2833.3,4,4,3,4,4,4,3,3,3,3,4
8000,4,4,3,3,4,4,3,3,3,3,4
3500,4,4,3,4,5,4,3,3,3,3,1
1566.7,4,2,2,2,3,4,3,3,3,3,1
1773.3,4,4,3,4,2,4,3,3,3,3,1
375,4,3,2,4,4,3,3,3,3,2,4
1913.6,3,2,3,1,3,3,2,2,3,3,1
3166.7,2,4,3,4,5,4,3,3,3,3,3
100,3,4,3,4,3,2,3,3,3,3,1
0,3,4,2,4,3,4,3,3,3,2,1
1320,4,4,3,3,3,3,3,3,3,3,3
9100,4,4,3,4,7,4,3,3,3,3,2
1800,3,4,3,3,3,4,3,3,3,3,1
1593.8,4,2,2,4,3,3,2,3,2,3,4
4000,4,4,3,4,5,4,3,3,3,3,2
1533.3,4,4,3,4,4,4,3,3,3,3,1
5266.7,3,4,3,4,5,3,3,3,3,3,1
666.67,4,3,2,1,3,3,3,3,2,3,2
4900,3,4,3,4,5,4,3,3,3,3,1
5000,2,4,3,4,6,4,3,3,3,3,2
2666.7,4,4,3,4,4,4,3,3,3,3,1
1666.7,4,4,3,4,3,3,3,3,3,3,1
2671.4,2,4,3,2,2,3,3,3,3,3,1
3800,4,4,3,4,6,4,3,3,3,3,1
1000,3,3,2,4,2,4,3,3,2,3,2
2666.7,4,4,3,4,3,4,3,3,3,2,1
3333.3,4,4,3,4,6,4,3,3,3,2,1
600,2,2,2,1,2,2,2,3,3,3,1
728.57,4,4,2,2,3,4,3,3,3,3,4
2400,3,4,3,4,3,4,3,3,3,3,1
1275,2,4,2,1,4,2,3,3,3,3,4
2425,3,3,3,3,6,4,3,3,3,3,2
2400,4,4,3,4,2,4,3,3,3,3,1
13000,4,4,3,4,5,3,3,3,3,3,1
2000,3,4,2,4,3,4,3,3,3,3,1
320,2,2,2,3,3,2,2,3,3,3,1
2346.7,3,4,2,4,3,3,3,3,3,2,4
4200,4,4,3,4,5,4,3,3,3,3,1
2550,4,4,2,4,5,4,3,3,3,2,1
3375,3,4,3,4,4,3,3,3,3,3,3
5950,4,4,3,4,3,3,3,3,3,3,3
2800,4,4,3,3,7,4,3,3,3,3,3
10000,3,4,3,4,5,3,3,3,3,3,4
970.75,2,3,2,1,4,3,2,3,3,3,1
200,3,4,3,4,7,4,3,3,3,3,1
1325,4,3,3,1,4,3,3,3,3,2,4
1450,4,4,2,3,5,3,3,3,3,3,3
1500,3,2,2,4,3,3,3,3,2,2,3
1240,2,4,2,2,3,3,3,3,3,3,4
4600,3,3,2,3,2,3,2,1,2,2,1
2500,4,4,3,4,5,4,3,3,3,3,3
1320,2,4,2,3,3,3,3,3,3,3,4
2000,4,4,3,3,7,3,3,3,3,3,2
1425,3,4,3,3,5,3,3,3,3,2,2
5000,3,2,3,4,2,2,3,3,3,3,1
3850,4,4,3,4,5,4,3,3,3,3,1
2900,4,4,3,3,4,4,3,3,3,3,4
1240,4,4,3,4,5,4,3,3,3,3,1
837.5,3,2,2,2,4,3,3,3,3,3,3
2050,4,3,2,2,5,2,3,3,3,3,4
5320,4,4,3,4,5,4,3,3,3,3,3
3000,4,4,3,4,5,4,3,3,3,3,2
750,4,4,2,3,4,2,3,3,3,3,2
2400,4,4,3,4,3,4,3,3,3,2,1
4280,4,4,3,4,7,3,3,3,3,3,1
1900,4,3,2,3,4,4,3,3,3,3,2
1833.3,4,4,3,4,6,3,3,3,3,3,1
2633.3,3,4,3,4,3,3,3,3,3,3,1
800,3,3,2,3,6,4,3,3,3,3,2
2593.3,4,4,3,4,5,4,3,3,3,3,4
3000,4,2,2,3,5,3,3,3,3,3,4
4300,4,4,3,4,3,4,3,3,3,3,4
3200,4,4,3,3,5,4,3,3,3,3,3
2330,3,4,3,3,2,4,3,3,3,3,1
3216.7,4,4,3,4,7,4,3,3,3,3,1
950,3,2,2,1,3,3,2,3,2,2,2
263.33,3,4,2,2,4,3,3,3,3,2,1
2400,3,4,3,4,3,4,3,3,3,3,1
1816,3,4,2,3,4,4,3,3,3,3,3
1590,2,2,2,2,3,3,2,3,3,3,4
1076,4,4,3,2,4,4,3,3,3,3,4
3375,4,4,3,4,5,4,3,3,3,3,3
4500,3,4,3,4,5,4,3,3,3,3,1
4500,4,4,3,4,6,4,3,3,3,3,4
2125,3,3,2,3,4,3,2,3,3,2,3
804.44,2,2,2,3,5,3,2,3,3,3,3
4300,3,4,3,4,7,4,3,3,3,3,2
6266.7,4,3,3,4,6,3,3,3,3,2,4
3500,4,4,3,4,7,4,3,3,3,3,1
8000,4,4,3,4,7,4,3,3,3,3,3
3240,4,4,2,3,5,4,3,3,3,3,4
1000,4,3,2,4,5,3,3,3,3,3,2
4166.7,4,4,3,4,7,4,3,3,3,3,2
4950,4,4,3,4,4,4,3,3,3,3,1
3550,4,4,3,4,3,4,3,3,3,3,1
10300,4,4,3,4,7,4,3,3,3,3,4
5600,4,4,3,3,5,3,3,3,3,3,2
6680,3,3,2,4,2,3,2,2,2,3,1
1625,3,4,3,2,3,3,3,3,3,3,3
9166.7,4,4,3,3,2,4,3,3,3,3,4
6500,4,4,3,4,3,4,3,3,3,3,1
1002.5,3,4,3,4,3,4,3,3,3,3,2
500,4,4,3,4,4,4,3,3,3,3,1
4000,4,4,3,4,5,4,3,3,3,3,3
3300,4,4,3,2,3,4,3,3,3,3,1
1220,4,3,2,2,4,3,3,3,3,2,1
2533.3,4,4,3,4,5,4,3,3,3,3,4
5666.7,3,4,3,3,5,4,3,3,3,3,4
10667,4,3,3,4,7,4,3,3,3,3,4
3500,4,4,3,4,4,3,3,3,3,2,4
3750,3,3,2,4,3,3,2,3,2,3,1
6166.7,4,4,3,4,3,3,3,3,3,3,3
1750,3,4,2,4,3,4,3,3,3,3,4
1233.3,4,3,2,2,4,4,3,3,3,3,1
2000,4,4,2,3,2,3,3,3,3,3,1
5666.7,3,4,3,4,7,4,3,3,3,3,3
466.67,3,4,2,4,3,3,3,3,3,3,1
1000,2,4,2,2,4,3,3,3,3,3,3
4700,3,4,3,3,3,3,3,3,3,2,3
1666.7,4,3,3,4,2,3,3,2,3,3,4
6000,4,4,3,4,5,4,3,3,3,3,3
1125,3,4,3,3,3,3,3,3,3,3,4
1478,3,2,2,2,3,3,2,3,3,3,1
4500,4,4,3,3,7,4,3,3,3,3,3
29000,4,4,3,4,7,4,3,3,3,3,3
2725,2,3,3,3,2,2,2,3,3,3,1
2740,3,4,3,3,7,4,3,3,3,3,1
2400,4,4,3,4,5,4,3,3,3,3,1
1750,4,4,3,3,5,4,3,3,3,3,2
1433.3,4,4,3,4,5,4,3,3,3,2,1
5487.5,4,4,3,4,7,4,3,3,3,3,3
7000,4,4,3,4,7,4,3,3,3,3,2
2450,3,4,3,4,3,4,3,3,3,3,1
4300,4,4,3,4,5,4,3,3,3,3,3
2260,4,3,2,3,4,2,3,3,3,2,4
2583.3,4,3,3,3,3,4,3,3,3,3,1
4400,4,4,3,4,7,4,3,3,3,3,4
722.5,3,2,2,4,2,2,2,3,2,3,1
3900,4,4,3,3,5,4,3,3,3,3,1
1200,2,3,2,2,4,3,2,3,2,2,4
2400,4,4,3,4,5,4,3,3,3,3,1
4900,4,4,2,4,4,3,3,3,3,2,1
3500,4,4,3,4,7,4,3,3,3,3,2
1210,2,2,2,1,4,2,2,3,3,3,3
2000,4,4,2,2,5,3,3,3,3,2,3
1380,4,4,3,3,3,3,3,3,3,3,1
2800,2,4,3,3,4,4,3,3,3,3,3
1333.3,4,2,2,4,3,3,3,3,3,2,1
6400,4,4,3,4,6,4,3,3,3,3,4
3500,4,4,3,3,4,3,3,3,3,3,3
460,3,2,2,3,3,4,3,3,3,3,2
353.33,4,3,2,1,4,2,2,1,3,3,1
2150,2,3,2,3,3,3,3,3,3,3,3
1260,2,4,2,1,4,2,3,3,3,3,2
1250,2,4,2,3,3,3,3,3,3,3,3
983.33,1,4,2,2,3,4,3,3,3,3,4
2966.7,4,4,3,4,3,4,3,3,3,3,2
15000,4,4,3,4,7,4,3,3,3,3,4
1900,4,4,3,3,5,4,3,3,3,3,3
2350,3,3,3,4,1,3,3,3,3,2,1
2000,4,4,2,4,3,4,3,3,3,3,3
2400,4,4,3,4,6,3,2,3,3,2,1
4000,4,4,3,4,4,4,3,3,3,3,2
1600,4,4,3,4,2,3,3,3,3,2,1
6700,3,4,2,3,4,4,3,3,3,3,3
1750,4,4,2,3,5,3,3,3,3,3,4
750,4,4,3,3,1,4,3,3,3,3,1
4466.7,4,4,3,4,3,3,3,3,3,3,1
7666.7,4,4,3,4,7,4,3,3,3,3,1
2400,3,2,2,4,4,2,2,3,2,2,1
1400,4,3,2,1,3,4,2,3,3,3,4
666.67,4,4,3,4,5,4,3,3,3,2,3
6440,4,4,3,4,7,4,3,3,3,2,4
1500,4,3,3,3,3,1,1,1,2,3,3
2000,4,4,2,3,5,3,3,3,3,2,3
3433.3,2,4,3,4,7,4,3,3,3,3,2
5525,4,4,3,3,7,2,3,3,3,2,1
2400,4,4,3,4,2,4,3,3,3,3,1
2320,4,4,3,3,3,4,3,3,3,3,4
2400,3,4,3,4,3,3,3,3,3,3,1
1150,3,4,3,3,2,3,3,3,3,2,2
3940,4,4,3,4,5,4,3,3,3,2,4
1250,4,4,3,1,4,3,3,3,3,2,3
5000,4,4,3,4,3,4,3,3,3,3,4
1800,4,4,3,3,5,3,3,3,3,2,3
2200,4,4,3,4,5,4,3,3,3,3,4
2240,4,4,3,4,7,4,3,3,3,3,3
1120,4,4,2,3,3,3,2,3,3,3,3
1750,4,4,3,3,5,4,3,3,3,3,4
7500,4,4,3,4,6,4,3,3,3,3,3
1345,4,4,3,4,6,4,3,3,3,3,1
1433.3,4,4,3,3,5,4,3,3,3,3,2
3703.3,3,4,3,4,4,4,3,3,3,3,4
800,3,2,2,3,3,2,2,3,3,1,2
2966.7,4,4,3,4,3,4,3,3,3,3,1
5200,4,4,3,4,4,4,3,1,3,3,3
870,4,4,2,3,4,3,3,3,3,2,2
4833.3,4,3,3,3,4,4,3,3,3,3,1
1800,4,4,3,3,3,4,3,3,3,2,4
1400,4,3,2,4,3,4,3,3,3,3,1
2400,3,4,3,3,5,4,3,3,3,3,2
3150,4,4,3,4,7,4,3,3,3,3,1
4500,3,4,3,3,3,3,3,3,3,2,4
3640,4,4,3,4,7,4,3,3,3,3,3
857.14,4,2,3,1,3,3,2,3,2,2,3
1300,4,4,3,4,4,4,3,3,3,3,1
967.5,4,2,2,1,3,3,3,3,3,2,4
3666.7,4,4,3,3,7,4,3,3,3,3,2
980,4,4,2,2,3,3,3,3,3,3,3
3400,4,4,3,3,4,4,3,3,3,3,4
7000,4,3,2,4,2,4,2,3,3,3,1
2000,4,4,3,3,5,3,3,3,3,2,3
7833.3,4,4,3,4,7,4,3,3,3,3,2
1125,4,2,2,3,3,2,2,3,3,3,1
9933.3,2,4,3,4,7,4,3,3,3,3,2
1190,4,4,3,3,3,4,3,3,3,3,2
562.5,4,3,2,3,3,3,3,3,2,2,1
2200,4,3,3,3,7,4,3,3,3,3,2
1712.5,4,4,2,3,5,3,2,3,3,2,2
1700,4,4,3,3,3,4,3,3,3,3,2
5833.3,4,4,3,3,6,3,3,3,3,3,4
1550,3,4,3,3,6,3,3,3,3,3,2
4500,4,3,3,4,3,4,3,3,3,3,1
3760,4,4,3,3,4,4,3,3,3,3,4
3666.7,4,4,2,4,5,3,3,3,3,2,4
3750,4,4,3,4,7,4,3,3,3,3,4
1530,4,4,2,4,3,2,3,3,3,3,2
11000,4,4,3,4,2,4,3,3,3,3,2
600,3,2,3,3,3,3,3,3,3,3,2
1416.7,3,4,3,3,5,4,3,3,3,3,1
1900,4,4,3,4,3,4,3,3,3,3,1
3250,4,4,3,4,2,4,3,3,3,3,1
1740,4,3,2,4,3,2,3,3,3,1,1
2800,4,4,2,4,3,3,3,3,3,2,1
4666.7,4,4,3,4,7,4,3,3,3,3,2
5000,4,4,3,4,5,4,3,3,3,3,3
3600,3,4,3,4,4,3,3,2,3,3,1
6000,3,4,3,4,2,4,3,3,3,3,1
4300,4,4,3,3,5,4,3,3,3,3,1
2666.7,4,3,3,3,5,4,3,3,3,3,1
3400,4,3,3,3,4,4,3,3,3,3,3
3360,4,4,2,2,2,2,3,3,3,2,1
3420,3,4,3,4,5,4,3,3,3,3,3
6000,3,4,3,4,6,4,3,3,3,3,4
3725,4,4,3,4,3,3,3,3,3,3,3
575,4,4,3,3,4,4,3,3,3,3,1
2140,4,4,3,2,4,3,2,3,3,2,1
3250,3,4,3,3,7,4,3,3,3,3,3
2200,4,3,2,4,3,3,3,1,3,3,3
2100,4,4,3,2,3,4,3,3,3,3,4
2600,4,4,3,4,4,4,3,3,3,3,1
3066.7,4,4,2,4,3,3,3,3,3,2,1
1495,4,3,2,3,5,3,2,3,2,2,2
2450,4,4,3,4,2,4,3,3,3,3,1
1400,4,4,3,3,6,4,3,3,3,3,4
1061,4,4,3,4,4,4,3,3,3,3,4
2000,2,4,2,4,3,4,3,2,3,3,2
4066.7,4,4,3,4,7,4,3,3,3,3,2
1375,4,4,3,3,6,3,3,3,3,2,2
4025,4,4,3,4,5,4,3,3,3,3,1
6000,4,4,3,4,6,4,3,3,3,3,1
2100,4,4,2,2,2,4,3,3,3,3,2
2500,4,4,3,4,3,4,3,3,3,3,1
2333.3,4,4,3,3,5,2,3,3,3,3,1
2933.3,4,4,3,4,5,4,3,3,3,3,2
1160,4,4,3,4,7,4,3,3,3,3,3
2480,4,4,3,4,7,4,3,3,3,3,1
2000,4,4,3,4,5,4,3,3,3,3,1
1600,4,4,3,3,3,4,3,3,3,3,1
1233.3,4,4,3,4,3,4,3,3,3,3,1
7000,4,4,3,4,7,4,3,3,3,3,2
1000,3,3,2,2,4,3,3,3,3,3,4
975,4,3,3,4,4,2,3,3,3,3,2
1925,4,4,3,3,3,4,3,3,3,3,1
1916.7,4,4,2,3,4,2,3,3,3,3,4
950,4,2,2,3,2,3,2,3,3,3,1
1966.7,1,2,2,2,3,4,3,3,3,3,4
7750,3,4,3,4,3,4,3,3,3,3,1
1966.7,4,4,2,4,5,4,3,3,3,3,1
1800,4,4,3,4,3,4,3,3,3,3,2
675,4,4,3,3,4,3,3,3,3,2,1
4550,4,2,2,4,4,4,2,3,3,3,2
5600,3,3,2,4,3,4,2,2,3,3,4
0,3,4,3,4,4,4,3,3,3,3,1
3250,3,4,2,3,4,4,3,1,3,3,4
6350,3,2,2,3,7,3,3,3,3,2,2
2000,3,4,3,4,3,4,3,3,3,3,1
6000,4,4,3,4,6,4,3,3,3,3,2
2400,4,4,3,4,2,4,3,3,3,3,1
5250,4,4,3,3,3,4,3,3,3,3,1
840,4,3,3,1,4,2,3,3,3,1,4
3900,4,4,3,4,7,4,3,3,3,3,1
4066.7,4,4,3,4,7,4,3,3,3,3,3
7400,4,4,3,4,3,2,3,3,3,2,1
2485.7,4,4,3,2,5,4,3,3,3,3,4
2500,4,3,2,4,5,3,3,3,3,2,2
1375,4,2,3,3,3,4,3,3,3,3,1
25800,4,4,3,4,5,4,3,3,3,3,1
1258,3,2,2,3,3,3,2,3,3,3,4
6600,4,4,3,4,3,3,2,3,3,3,1
2750,4,4,3,3,5,3,3,3,3,2,4
1404.4,3,4,3,2,3,4,3,3,3,3,1
5625,4,3,3,3,6,3,3,3,3,3,4
6833.3,4,4,3,3,7,4,3,3,3,3,2
1066.7,4,2,2,3,3,3,2,3,3,3,4
1600,4,4,2,2,3,3,3,3,3,2,4
800,4,4,2,2,5,3,3,3,3,3,1
520,4,2,2,2,2,3,3,3,3,3,4
2666.7,3,4,3,4,2,4,3,3,3,3,2
8250,4,4,3,4,7,4,3,3,3,3,2
6500,4,4,3,4,7,4,3,3,3,3,2
5466.7,3,4,3,4,4,4,3,3,3,3,1
5750,3,4,2,3,5,3,3,3,3,3,2
460,4,4,2,3,4,4,3,3,3,2,2
1800,4,4,3,3,5,4,3,3,3,3,2
1473.3,4,4,3,4,3,4,3,3,3,3,3
4775,4,4,3,4,7,4,3,3,3,3,2
1250,2,3,2,1,4,4,2,3,3,3,4
2615,4,4,2,3,3,2,3,3,3,3,3
6000,4,4,3,4,5,4,3,3,3,3,4
1250,4,4,3,4,5,4,3,3,3,3,3
2400,3,4,3,4,3,3,3,3,3,3,1
1160,3,3,2,3,3,3,2,3,3,3,2
3550,4,4,3,4,3,2,2,3,3,3,2
1500,4,4,3,2,3,3,3,3,3,3,1
2950,4,4,3,4,7,4,3,3,3,3,1
5000,4,4,3,4,3,4,3,3,3,3,1
6000,4,4,2,4,5,4,3,3,3,3,4
2133.3,4,3,2,3,2,3,3,3,3,2,2
520,4,4,3,3,4,4,3,3,3,3,1
5165,4,4,3,4,3,4,3,3,3,3,4
1950,4,2,3,3,3,3,3,3,3,2,4
1473.3,4,4,2,2,4,2,3,3,3,3,1
2433.3,4,4,3,3,3,4,3,3,3,3,4
1800,4,4,3,3,4,4,3,3,3,3,4
3850,2,4,2,4,3,4,3,3,3,2,3
5000,4,4,3,4,5,4,3,3,3,3,2
2200,4,3,3,4,2,3,2,3,3,2,3
3166.7,4,4,3,4,4,4,3,3,3,3,1
2666.7,4,4,3,4,5,4,3,3,3,2,3
1340,4,4,2,2,3,4,3,3,3,3,1
10000,3,4,3,4,7,4,3,3,3,3,1
2450,4,4,3,3,4,4,3,3,3,3,4
462.5,4,4,3,2,2,4,3,3,3,3,1
410,4,3,2,3,4,2,3,3,3,3,1
40500,2,4,3,4,7,4,3,3,3,3,2
3280,4,4,2,2,5,2,3,3,3,1,4
2700,4,4,3,4,3,4,3,3,3,2,1
5500,4,4,3,4,6,4,3,3,3,3,2
800,4,4,3,3,2,3,3,3,3,2,1
3000,4,4,3,4,3,3,2,3,3,2,4
3800,4,4,3,4,2,4,3,3,3,3,1
5000,4,4,3,4,3,4,3,3,3,3,1
3500,4,3,2,3,5,2,3,3,3,3,4
1000,3,4,3,3,5,4,3,3,3,3,3
375,4,4,3,4,5,4,3,3,3,3,4
2400,4,4,3,4,3,4,3,3,3,3,1
620,3,3,2,1,3,3,3,3,3,2,2
3850,4,4,3,4,5,3,3,3,3,2,1
1000,4,4,2,4,2,3,3,3,3,3,2
914.29,3,4,3,3,4,3,3,3,3,3,3
4000,3,3,3,4,2,4,3,3,3,3,1
4500,4,4,3,4,3,4,3,3,3,3,1
2000,4,3,2,3,3,3,2,3,3,2,2
1440,2,3,2,3,3,3,2,3,3,2,4
5000,4,4,3,3,5,3,3,3,3,3,3
5333.3,4,4,3,3,3,4,3,3,3,3,4
2592.5,4,4,3,3,5,2,3,3,3,3,4
5366.7,2,4,3,4,7,4,3,3,3,3,2
2000,1,3,2,3,6,4,3,3,3,3,3
1691.4,3,3,2,1,4,2,2,3,3,2,3
2300,3,4,2,4,4,3,3,3,3,3,4
880,4,3,3,2,3,3,3,3,3,3,3
2666.7,4,4,3,4,3,3,3,3,3,2,4
5500,4,4,3,4,7,4,3,3,3,3,1
1000,2,4,3,3,4,4,3,3,3,3,2
7000,4,4,3,4,3,3,3,3,3,2,1
1600,4,3,2,4,3,4,3,3,3,3,3
662.5,4,4,3,4,4,4,3,3,3,3,2
4375,4,4,3,3,6,4,3,3,3,3,2
0,4,4,3,4,5,3,3,3,3,3,2
2500,4,4,3,4,3,3,3,3,3,2,1
680,3,3,2,3,3,3,3,3,3,3,4
2175,4,4,3,3,3,4,3,3,3,3,4
1387.5,4,4,3,3,3,4,3,3,3,3,1
3028.6,4,4,3,3,3,4,3,3,3,3,3
112.5,4,4,2,3,4,3,3,3,3,2,1
4500,4,4,2,3,4,4,3,3,3,2,4
2835,2,3,3,3,2,3,3,3,3,3,1
3500,4,4,3,4,7,4,3,3,3,3,1
625,4,3,3,3,7,3,3,3,3,2,3
4870,4,4,3,4,5,4,3,3,3,3,1
1066.7,4,4,2,3,7,4,3,3,3,3,4
1360,4,3,2,3,3,4,3,3,3,3,4
4000,3,4,2,3,5,4,3,3,3,3,3
4666.7,4,4,3,4,6,4,3,3,3,3,2
2050,4,4,3,4,5,4,3,3,3,3,2
1166.7,4,3,3,4,5,2,3,3,3,2,2
716.67,3,2,3,3,3,4,2,2,3,3,4
3540,4,4,3,3,5,4,3,3,3,3,2
2500,3,4,3,3,4,4,3,3,3,3,4
3030,3,4,3,4,6,3,3,3,3,2,3
2150,3,4,3,4,3,3,3,3,3,2,1
4100,4,4,3,3,4,4,3,3,3,3,1
3666.7,4,3,3,4,5,3,3,3,3,3,3
2375,4,3,3,4,4,3,3,3,3,2,2
4500,4,4,3,4,3,4,3,3,3,3,4
800,3,4,3,3,5,3,3,3,3,2,1
1200,4,4,3,4,5,3,3,3,3,3,3
1125,4,4,2,3,5,2,3,3,3,3,3
2400,4,4,3,4,5,3,3,3,3,2,1
2500,4,4,3,4,5,4,3,3,3,3,1
533,4,4,3,4,7,3,3,3,3,3,1
1621,4,3,3,3,4,4,3,3,3,3,4
3700,4,3,3,3,3,4,3,3,3,3,1
3500,3,4,3,4,7,4,3,3,3,3,1
2000,4,4,2,4,3,4,3,3,3,3,1
657.14,4,3,2,1,2,3,3,3,3,2,4
950,4,4,3,3,4,4,3,3,3,3,2
4000,4,4,3,4,3,3,3,3,3,2,1
1250,4,4,3,3,4,4,3,3,3,3,3
1935.7,4,3,2,3,3,4,3,3,3,3,2
1925,4,4,3,3,3,3,3,3,3,3,3
2000,2,4,3,3,4,4,3,3,3,3,2
9000,4,4,3,4,7,4,3,3,3,3,4
6500,4,4,3,4,7,4,3,3,3,3,4
1200,4,4,3,4,3,3,3,3,3,2,1
2150,4,4,3,3,7,4,3,3,3,3,3
8000,4,4,3,4,6,3,3,3,3,3,4
2750,4,4,3,4,5,4,3,3,3,3,3
1075,4,4,3,3,6,4,3,3,3,3,2
4250,4,4,2,4,3,4,3,3,3,3,2
1666.7,3,2,2,2,4,1,1,1,2,3,4
5100,4,4,3,4,7,4,3,3,3,3,1
10350,4,4,3,4,7,4,3,3,3,3,2
2667.5,4,4,3,4,3,3,3,3,3,2,4
4200,3,4,3,3,6,3,2,2,3,2,1
1000,4,2,3,3,3,2,3,3,3,3,4
5700,2,4,3,4,5,4,3,3,3,3,4
7400,4,4,3,4,5,4,3,3,3,3,3
2000,3,3,3,3,5,4,3,3,3,3,4
6166.7,4,4,3,4,7,3,3,3,3,3,4
1666.7,4,3,2,2,4,2,3,3,2,2,4
5666.7,4,4,3,4,6,3,3,3,3,2,4
2240,4,4,3,3,3,4,3,3,3,3,4
3000,4,3,2,4,3,2,3,3,3,3,4
243.75,4,1,2,3,2,3,2,3,3,3,2
1192.5,3,3,3,3,3,3,3,3,3,3,1
1600,4,4,2,4,5,4,3,3,3,3,1
500,1,3,2,3,3,4,3,3,3,3,1
800,4,4,2,3,3,4,3,3,3,3,1
1416.7,4,3,2,3,3,2,3,3,3,2,2
550,2,4,3,4,5,4,3,3,3,3,2
2400,2,3,3,4,3,4,3,3,3,3,1
900,3,3,2,3,5,3,2,3,2,3,4
2410,4,4,3,4,3,4,3,3,3,3,1
147.2,4,3,2,1,4,3,2,1,2,3,1
2450,4,4,2,3,2,3,3,3,3,3,4
1167.5,4,4,2,3,7,2,3,3,3,3,1
5666.7,4,4,3,4,5,4,3,3,3,3,4
7000,4,4,3,4,4,2,3,3,3,3,3
950,3,2,2,1,2,2,2,3,1,2,1
4500,4,4,3,4,4,4,3,3,3,3,3
2000,4,4,2,4,4,3,3,3,3,2,2
3200,4,4,2,4,5,2,3,3,3,2,4
3750,4,4,3,3,5,3,3,3,3,2,3
2066.7,4,4,3,4,5,2,3,3,3,3,2
3200,4,4,3,3,5,4,3,3,3,3,1
3800,4,4,3,4,4,4,3,3,3,3,2
2250,4,3,2,4,4,3,3,3,3,3,1
3166.7,4,4,3,4,3,4,3,3,3,3,1
10000,4,4,3,4,5,4,3,3,3,3,1
1492.5,4,3,3,3,3,4,3,3,3,3,4
3733.3,4,4,3,4,4,4,3,3,3,3,1
3000,4,4,3,4,3,3,2,3,3,3,1
2585,3,3,2,3,4,3,2,3,2,3,4
4050,4,4,3,4,3,4,3,3,3,3,2
2500,3,3,2,4,2,2,3,3,3,2,1
4333.3,4,4,2,4,6,3,3,3,3,2,4
1537.1,4,3,2,3,2,4,2,3,2,3,3
3333.3,4,4,3,4,3,3,3,3,3,3,2
850,4,3,2,3,3,4,2,3,3,3,2
4100,2,3,3,3,3,3,2,3,2,2,1
2100,4,3,3,4,3,4,2,3,2,2,1
2000,4,2,2,4,2,3,2,3,2,2,1
3750,4,4,2,4,4,2,2,3,2,2,4
3880,4,4,3,3,6,4,3,3,3,3,4
450,4,4,3,2,4,4,3,3,3,2,4
2666.7,4,4,2,4,2,3,3,3,3,2,3
2250,4,4,2,3,5,4,3,3,3,3,2
1333.3,4,4,3,3,4,4,3,3,3,3,4
5100,4,4,2,4,7,4,3,3,3,3,1
6875,4,4,3,4,7,4,3,3,3,3,3
4500,4,3,2,4,3,3,2,3,2,3,1
1350,3,4,3,4,5,4,3,3,3,3,3
2433.3,4,3,3,3,2,2,3,3,3,3,1
1940,3,2,2,2,2,3,2,3,3,3,4
4750,4,4,3,4,6,4,3,3,3,3,2
1875,4,4,3,4,2,2,3,3,3,3,1
4050,3,4,3,4,5,4,3,3,3,3,4
3050,4,4,2,4,7,2,3,3,3,3,2
9000,4,4,3,4,7,4,3,3,3,3,3
4600,4,4,2,3,5,4,3,3,3,3,4
1400,4,3,2,4,3,3,2,3,2,3,1
7350,3,4,3,4,5,4,3,3,3,3,1
3800,4,3,3,4,3,3,3,3,3,2,3
11900,4,4,3,4,7,4,3,3,3,3,2
11750,4,4,3,4,7,4,3,3,3,3,4
1314.3,4,1,2,2,3,3,3,3,2,3,2
9595,3,4,3,3,3,2,3,3,3,3,1
2150,2,4,3,3,2,3,3,3,3,2,3
2977.1,3,4,2,2,3,3,2,3,3,2,3
1200,3,4,3,3,2,3,3,3,3,2,1
3633.3,4,4,3,4,3,4,3,3,3,3,3
2679,3,4,2,3,3,3,3,3,3,3,4
3000,4,3,3,4,6,4,2,3,3,3,1
2166.7,4,4,3,3,6,4,3,3,3,3,1
4125,4,4,3,3,4,4,3,3,3,3,4
7000,4,4,3,4,7,4,3,3,3,3,1
3700,4,3,2,4,3,2,3,3,3,2,2
500,4,4,3,4,6,4,3,3,3,3,1
800,4,4,3,4,4,3,3,3,3,3,2
746.67,4,2,3,1,3,2,3,3,3,1,3
2400,4,4,3,4,5,4,3,3,3,3,1
575,4,4,2,3,5,2,3,3,3,3,1
2700,4,4,3,4,3,4,3,3,3,3,1
600,3,2,3,3,4,4,3,3,3,3,3
3750,4,4,3,4,7,4,3,3,3,3,3
3500,4,4,3,3,3,4,3,3,3,3,2
714.29,4,3,3,3,3,2,3,3,3,2,4
1575,4,4,3,3,4,4,3,3,3,3,4
1694.3,3,3,2,2,4,3,3,3,3,3,1
4600,4,4,3,4,6,4,3,3,3,3,2
4100,4,4,3,3,5,4,3,3,3,3,3
2357.1,4,2,3,2,3,3,2,3,3,3,4
6166.7,2,4,3,4,5,3,3,3,3,3,1
3000,4,4,3,4,7,4,3,3,3,3,1
2300,3,4,3,4,3,4,3,3,3,3,1
2200,3,4,3,4,4,4,3,3,3,3,1
9500,4,4,3,4,7,4,3,3,3,2,3
28000,4,4,3,4,5,4,3,3,3,3,1
1377.8,4,3,2,3,4,3,2,3,2,2,2
7000,4,3,3,4,5,4,3,3,3,3,4
6500,4,4,3,4,5,4,3,3,3,3,1
1458.3,3,3,2,2,4,3,2,3,2,3,4
4500,4,4,3,4,6,4,3,3,3,3,1
2642.5,4,2,2,3,3,3,2,3,2,2,3
1500,4,4,3,4,7,4,3,3,3,3,1
2400,4,4,3,3,6,4,3,3,3,3,2
2400,3,4,3,4,3,4,3,3,3,3,1
1500,4,3,2,4,3,2,3,3,3,2,1
1825,4,3,3,3,5,4,3,1,3,3,1
1225,4,3,2,3,3,1,2,3,3,3,4
6550,4,4,3,4,7,4,3,3,3,3,1
5250,4,4,3,4,7,4,3,3,3,3,1
3125,4,4,3,3,3,3,3,3,3,3,4
2917.4,4,4,3,3,2,2,3,3,3,3,3
3000,4,4,2,3,6,3,3,3,3,3,4
1406.7,3,2,2,3,4,3,2,3,3,3,4
1908,3,4,2,2,3,3,3,3,3,2,3
4500,3,4,3,3,3,4,3,3,3,3,4
1850,4,3,3,3,2,3,3,3,3,3,1
800,4,4,2,3,4,4,3,3,3,3,1
1350,4,2,2,4,2,3,3,3,3,2,4
1360,4,4,2,3,3,2,3,3,3,2,2
2800,4,4,3,4,7,4,3,3,3,3,3
12500,4,4,3,4,6,4,3,3,3,3,3
714.29,4,4,3,3,3,2,3,3,3,3,2
2700,3,4,2,3,3,4,3,3,3,3,2
2233.3,4,2,2,3,5,1,1,1,2,2,4
4750,4,4,2,4,3,3,3,3,3,3,1
3933.3,4,4,3,4,3,4,3,3,3,3,1
2800,4,4,2,4,6,4,3,3,3,3,1
7000,3,4,3,4,6,4,3,3,3,3,3
2666.7,4,4,3,4,4,4,3,3,3,3,1
5700,4,4,3,4,5,3,3,3,3,3,2
1000,4,4,3,4,5,4,3,3,3,3,1
6400,4,4,3,3,7,4,3,3,3,3,4
2500,3,4,3,4,2,4,3,3,3,3,1
9000,4,4,3,4,7,4,3,3,3,3,2
225,3,4,3,4,7,4,3,3,3,3,3
1600,4,4,3,4,7,4,3,3,3,3,2
4550,3,4,3,4,3,4,3,3,3,3,1
2666.7,4,4,3,4,3,4,3,3,3,3,4
6250,4,4,3,4,3,4,3,3,3,2,4
1250,4,2,2,3,4,3,3,3,3,2,1
1430,4,2,2,3,2,2,3,3,2,3,4
2475,4,4,3,3,6,4,3,3,3,3,2
300,4,3,2,1,4,2,2,3,3,3,1
4100,4,4,3,4,7,4,3,3,3,3,3
5250,4,4,3,4,5,4,3,3,3,3,1
3970,3,3,2,3,4,4,3,3,3,3,3
0,3,4,3,4,5,3,3,3,3,3,4
560,3,3,3,1,3,3,3,3,3,3,2
2600,4,4,3,4,6,4,3,3,3,3,2
4000,3,3,3,4,7,4,3,3,3,3,4
1340,4,4,3,4,3,4,3,3,3,2,1
3300,4,4,3,4,4,2,3,3,3,2,4
4000,4,4,3,4,5,4,3,3,3,3,1
1894,3,4,3,3,4,4,3,3,3,3,1
2107.5,3,2,2,1,2,3,2,3,2,2,3
8200,4,4,3,4,6,4,3,3,3,3,1
11000,4,4,3,4,6,4,3,3,3,3,3
8500,4,4,3,4,7,3,3,3,3,2,2
2428.6,4,4,3,2,6,4,3,2,3,3,3
2785.7,4,3,2,2,5,3,3,3,3,2,4
2085,4,4,3,4,3,4,3,3,3,3,1
3000,3,4,3,4,5,3,3,3,3,2,1
1000,4,4,3,3,4,4,3,3,3,3,3
2400,4,4,3,4,5,4,3,3,3,3,1
600,2,2,2,3,6,2,2,3,3,3,2
4400,4,4,3,4,4,3,3,3,3,3,1
1456,4,4,3,3,3,2,3,3,3,2,4
4000,4,3,3,4,7,3,3,3,3,3,2
433.25,4,4,3,3,7,4,3,3,3,3,2
3925,4,4,2,3,3,3,3,3,3,3,3
2600,4,4,3,4,3,3,3,3,3,2,1
2250,4,4,2,4,5,4,3,3,3,2,4
4500,4,4,3,4,5,3,3,3,3,3,3
4166.7,4,3,2,4,5,4,3,3,3,3,4
3000,4,4,3,4,5,4,3,3,3,3,3
4000,4,3,3,4,3,4,3,3,2,3,4
2200,4,4,3,4,3,4,3,3,3,3,1
3120,4,3,3,3,6,3,3,3,3,3,1
4352.5,4,4,3,3,5,4,3,3,3,3,3
11000,4,4,3,4,5,4,3,3,3,3,1
1766.7,3,3,2,3,2,4,3,3,3,3,4
4035,4,3,2,4,2,2,3,3,3,3,1
6300,3,3,3,4,4,3,3,3,3,2,1
3025,4,4,3,4,7,3,3,3,3,2,3
2066.7,4,4,3,4,7,4,3,3,3,3,1
4200,3,4,3,4,4,4,3,3,3,3,2
1133.3,4,4,3,4,2,3,3,3,3,3,1
2300,2,4,3,3,5,3,3,3,3,2,1
2400,3,4,3,4,6,3,3,3,3,2,1
5750,4,4,3,4,7,4,3,3,3,3,3
2380,1,3,2,4,6,4,3,3,3,3,3
426.67,3,3,2,3,2,3,2,3,3,3,1
5000,4,4,3,4,7,4,3,3,3,3,3
3750,4,4,3,4,3,3,3,3,3,2,4
2250,4,4,3,3,3,4,3,3,3,3,4
2075,4,4,3,3,5,4,3,3,3,3,4
6175,4,4,3,4,4,4,3,3,3,3,2
2000,4,4,3,4,6,4,3,3,3,3,2
2950,3,4,3,4,2,3,3,3,3,2,1
2200,4,4,3,4,3,4,3,3,3,3,1
1092.5,3,4,2,2,3,4,3,3,3,3,4
616.67,3,2,2,1,2,2,2,3,3,2,1
7533.3,4,4,3,4,7,4,3,3,3,3,3
2416,4,4,3,4,4,4,3,3,3,3,1
2700,4,2,2,3,2,3,2,1,2,3,2
28700,4,4,3,4,7,4,3,3,3,3,3
6850,4,4,3,4,7,4,3,3,3,3,3
8000,2,4,2,4,4,4,3,1,3,3,4
1633.3,4,3,2,4,3,2,3,3,3,2,2
1483.3,4,4,3,4,2,4,3,3,3,3,1
1400,3,3,3,4,2,2,3,3,3,2,1
541.67,4,4,2,3,2,3,3,3,3,3,1
5000,3,4,3,3,5,3,3,3,3,2,1
700,4,4,3,4,6,4,3,3,3,3,1
6650,4,4,3,4,7,4,3,3,3,3,2
4000,4,4,3,4,3,3,3,3,3,3,1
3000,4,4,3,3,4,4,3,3,3,3,3
4400,4,4,3,4,3,3,3,3,3,3,1
1600,4,4,1,3,7,4,3,3,3,3,4
1666.7,4,4,2,4,4,4,3,3,3,3,3
5500,4,4,3,4,4,4,3,3,3,3,4
2600,4,4,3,4,5,4,3,3,3,3,1
500,4,3,2,2,3,3,3,3,3,2,1
3250,4,4,3,4,7,4,3,3,3,2,3
3037.5,4,4,3,2,3,2,3,3,3,3,4
9000,4,4,3,4,2,4,3,3,3,3,1
2800,2,4,3,4,6,4,3,3,3,3,2
1650,4,3,3,3,4,3,2,3,3,3,4
3500,4,4,3,4,5,4,3,3,3,3,3
750,4,3,2,1,3,3,3,1,2,3,2
3933.3,4,4,3,4,5,3,3,3,3,2,4
1718.2,4,3,2,2,3,3,3,3,3,3,4
4416.7,4,4,3,4,4,2,3,3,3,2,3
4500,4,4,3,4,4,4,3,3,3,3,4
933.33,4,3,3,2,3,2,3,3,3,3,1
1666.7,3,4,2,3,2,2,2,3,2,2,3
0,3,2,2,3,4,2,2,3,3,3,1
1200,4,3,2,2,5,3,2,3,3,3,1
845.33,2,3,2,3,4,4,3,3,3,3,1
3000,4,4,2,4,4,4,3,3,3,2,1
1740,4,4,3,3,7,4,3,3,3,3,1
5666.7,4,4,3,4,7,4,3,3,3,3,4
4925,4,4,3,3,3,4,3,3,3,3,4
3800,4,4,3,4,3,4,3,3,3,3,3
1795,2,2,2,4,2,3,3,1,3,3,1
6000,2,4,3,4,7,4,3,3,3,3,4
760,4,2,2,1,3,3,2,3,3,3,4
825,4,3,3,4,3,3,3,3,3,2,1
1000,4,3,2,4,3,3,3,2,3,2,1
3500,4,4,2,4,2,2,3,3,3,2,1
750,4,3,2,3,3,4,2,3,3,3,1
4600,4,4,1,3,6,3,3,3,3,2,3
4400,3,4,3,3,5,4,3,3,3,3,3
4700,4,4,3,4,5,4,3,3,3,3,3
6775,4,4,3,3,7,4,3,3,3,3,3
2350,4,4,3,4,6,4,3,3,3,3,1
1436.3,3,4,2,3,3,3,3,3,3,2,3
4900,4,4,3,4,5,4,3,3,3,3,1
1400,2,4,3,3,3,4,3,3,3,2,3
3000,4,4,3,4,2,3,3,3,3,2,1
5500,4,4,3,4,5,3,3,3,3,2,4
4800,4,4,3,4,7,4,3,3,3,3,1
2200,4,4,3,3,4,3,3,3,3,3,4
2800,4,4,3,4,5,4,3,3,3,3,2
1805,4,2,2,3,3,3,3,3,3,2,3
1816,3,3,2,2,3,2,3,3,3,3,3
6150,3,4,3,4,7,4,3,3,3,3,4
8470,3,4,2,4,5,2,3,3,3,2,3
1282.9,4,2,2,2,3,3,2,3,3,3,3
650,3,4,2,1,3,2,3,3,3,3,3
6000,4,2,3,4,5,4,3,3,3,3,4
250,3,3,2,3,5,3,2,3,3,3,2
2733.3,4,3,2,2,3,4,3,3,3,3,1
9000,4,4,3,4,7,4,3,3,3,3,3
11850,4,4,3,4,5,4,3,3,3,3,3
2000,3,4,3,4,5,3,3,3,3,2,3
1700,4,3,2,2,4,4,3,3,3,3,4
1713.3,4,4,2,2,3,3,3,3,3,3,2
4950,4,4,3,4,7,4,3,3,3,3,1
290,4,2,2,3,3,3,3,3,3,3,2
1860,4,4,2,3,4,3,3,3,3,3,3
2800,4,4,3,4,3,4,3,3,3,3,1
1600,2,4,2,4,4,3,2,3,3,2,3
4333.3,4,4,3,4,2,4,3,3,3,3,1
1000,3,3,2,4,3,2,2,3,2,1,4
3685,4,4,3,4,6,4,3,3,3,3,2
4200,4,4,3,4,3,4,3,3,3,3,1
2400,4,4,3,4,3,3,3,3,3,2,1
2150,4,4,3,4,5,3,3,3,3,3,1
1420,3,2,2,4,4,3,2,3,3,3,4
860,4,4,3,2,3,4,3,3,3,2,4
6350,4,4,3,4,7,4,3,3,3,3,1
1000,4,4,3,3,5,4,3,1,3,3,2
2316,4,4,3,4,5,3,3,3,3,2,2
2200,4,4,3,4,7,4,3,3,3,3,2
980,4,3,2,3,4,2,3,3,2,2,3
3000,4,4,3,4,7,4,3,3,3,3,4
1380,3,1,3,3,3,3,2,3,3,3,4
4800,4,4,3,4,3,3,2,3,3,3,1
2100,3,4,2,4,3,3,3,3,3,3,1
4200,4,4,3,4,4,4,3,3,3,3,3
583.33,4,4,3,2,3,4,3,3,3,3,1
3350,2,4,2,4,4,3,3,3,3,2,4
1176.7,4,3,2,2,4,2,2,1,2,3,3
4600,4,4,3,4,7,3,3,3,3,2,1
6100,4,4,3,4,5,4,3,3,3,3,3
1600,4,4,2,3,4,2,3,3,3,2,2
782.86,4,3,2,1,4,3,3,3,2,2,2
1046.7,4,2,2,3,6,3,3,3,3,2,4
2250,4,3,3,4,2,4,3,3,3,3,1
3750,4,4,3,4,6,4,3,3,3,3,2
3666.7,4,3,3,4,6,4,3,3,3,3,3
1833.3,4,4,3,4,3,4,3,3,3,3,2
733.33,4,3,2,2,2,3,3,3,3,3,4
3900,4,4,3,4,6,4,3,3,3,3,1
2533.3,3,3,2,3,3,4,3,3,3,3,2
5000,4,4,3,4,3,4,3,3,3,3,1
2266.7,4,4,2,2,5,3,3,3,3,3,4
653.33,3,2,2,3,4,4,2,1,3,3,1
420,4,3,2,2,3,4,3,3,3,3,1
685.71,3,4,2,3,4,3,3,3,3,3,4
5500,4,4,3,4,5,4,3,3,3,3,1
5200,3,4,3,4,5,4,3,3,3,3,1
215,4,4,3,4,5,4,3,3,3,3,1
7200,4,4,3,4,5,4,3,1,3,3,4
1050,3,3,2,3,4,4,3,3,3,3,2
334,4,4,3,3,6,4,3,2,3,3,1
8270,4,4,3,4,3,3,3,3,3,3,4
1433.3,4,2,3,2,3,3,3,3,3,2,1
2066.7,4,4,3,3,3,3,3,3,3,3,1
1250,4,4,3,4,5,4,3,3,3,3,4
1083.3,4,4,2,2,3,4,3,3,3,3,2
1800,4,4,3,3,3,2,3,3,3,3,4
1500,4,3,3,3,3,2,3,3,3,2,2
220,4,4,3,3,7,4,3,3,3,3,1
540,4,4,2,3,3,3,3,3,3,2,3
2812.5,4,4,2,3,3,3,3,3,3,3,2
1600,4,4,3,4,4,3,3,3,3,3,2
2400,4,4,3,4,2,4,3,3,3,2,1
7000,4,4,3,4,5,4,3,3,3,3,3
1644.4,4,4,3,3,5,4,3,3,3,3,2
1331.1,4,3,2,1,3,1,1,1,2,3,4
2250,4,4,3,3,3,3,3,3,3,2,4
1000,4,4,2,3,3,3,3,3,3,3,1
8000,4,3,2,4,7,3,3,1,3,3,2
2250,4,3,3,4,3,4,3,3,3,3,1
7700,4,4,3,4,5,4,3,3,3,3,4
1020,3,4,3,3,4,3,3,3,3,3,3
12000,3,4,3,4,7,4,3,3,3,3,2
4350,4,4,3,4,7,4,3,3,3,3,3
2575,2,4,3,3,7,4,3,3,3,3,3
2400,4,4,3,4,3,4,3,3,3,3,1
7966.7,4,4,3,4,5,4,3,3,3,3,2
1275,4,3,2,3,4,3,3,2,2,2,3
8500,4,4,3,4,7,4,3,3,3,3,3
2233.3,4,4,2,3,5,3,3,3,3,3,3
4050,4,4,3,4,2,3,3,3,3,2,1
1678.9,4,2,2,1,2,3,2,3,3,3,4
2400,4,4,3,4,2,4,3,3,3,3,1
1025,4,3,2,4,3,3,3,3,3,2,3
5000,4,4,3,4,5,4,3,3,3,3,3
2400,1,4,2,4,3,4,3,3,3,3,1
2275,3,3,3,3,3,3,2,3,3,3,4
4000,4,4,3,3,7,4,3,3,3,3,3
1450,4,4,3,4,3,4,3,3,3,3,1
2133.3,4,4,2,4,4,3,3,3,3,2,3
3200,4,4,3,4,4,4,3,3,3,3,1
9000,4,4,2,4,3,3,3,3,3,2,4
2825,4,4,3,4,5,4,3,3,3,3,1
2042.9,3,1,2,1,2,3,2,3,2,3,2
3994,4,4,3,3,2,2,3,3,3,3,2
583.33,4,4,3,3,4,4,3,3,3,3,4
2498.3,4,2,3,3,5,3,2,3,3,2,3
1900,4,3,3,3,5,4,3,3,3,3,3
7500,3,4,3,4,5,4,3,3,3,3,2
2750,4,4,3,3,7,4,3,3,3,3,2
5400,3,4,3,4,7,4,3,3,3,3,2
6000,4,4,3,4,4,4,3,3,3,3,1
5450,4,4,3,4,7,4,3,3,3,3,3
643.33,4,2,2,4,2,2,3,3,3,3,2
250,4,3,2,4,4,3,3,3,3,2,4
1225,2,2,2,3,5,3,3,1,3,3,4
10000,4,4,3,4,6,4,3,3,3,3,2
9500,4,4,3,4,5,4,3,3,3,3,3
7000,3,4,3,4,5,4,3,3,3,3,1
766.67,4,4,3,3,4,3,3,3,3,2,1
1350,3,3,2,4,5,2,2,3,2,3,3
2666.7,4,4,3,4,4,3,3,3,3,2,3
5600,3,2,2,2,3,4,3,3,3,2,3
1900,4,4,3,4,3,4,3,3,3,3,1
1640,4,3,3,3,4,3,3,3,3,2,4
3000,4,4,3,4,5,4,3,3,3,3,1
2750,4,4,2,3,3,3,2,3,3,3,4
830,4,3,3,3,2,3,3,3,3,3,1
4000,4,4,3,4,2,3,3,3,3,2,2
1752,4,4,3,3,3,3,3,3,3,2,3
1150,4,4,2,3,4,4,3,3,3,3,1
2250,4,3,3,4,4,3,3,3,3,2,1
2750,4,4,2,3,3,2,3,3,3,3,4
4333.3,4,4,3,4,5,4,3,3,3,3,2
4133.3,4,4,3,4,5,3,3,3,3,2,4
440,3,3,2,3,3,3,3,3,3,2,4
6875,4,3,3,3,7,4,3,3,3,3,1
1900,2,4,2,3,2,3,3,3,3,3,1
1333.3,2,4,2,4,5,3,3,3,3,3,1
2950,4,4,3,4,2,4,3,3,3,3,1
2400,4,4,3,4,3,2,3,3,3,3,1
2750,4,4,3,4,5,4,3,3,3,3,1
2000,4,4,3,4,3,3,3,3,3,3,3
4100,4,4,3,3,4,4,3,3,3,3,1
1050,4,2,3,4,5,3,3,3,3,2,4
3260,2,4,3,3,7,4,3,3,3,3,2
393.33,4,4,2,2,4,2,2,3,2,3,3
2000,4,4,3,3,7,4,3,3,3,3,4
1625,4,4,2,3,4,3,3,3,3,2,4
3425,3,3,3,3,5,3,3,3,3,1,4
3240,4,4,3,3,4,4,3,3,3,3,4
5000,4,4,3,4,3,4,3,3,3,3,3
3750,4,4,3,3,3,3,3,3,3,3,1
1225,4,4,3,4,3,4,3,3,3,3,1
800,4,4,3,3,5,2,3,3,3,3,1
8000,4,4,3,4,6,4,3,3,3,3,2
1168.6,4,3,2,1,3,4,3,3,3,3,3
2816.7,4,4,3,4,3,4,3,3,3,3,2
0,4,4,3,4,5,4,3,3,3,3,1
1100,3,2,2,2,3,3,2,2,3,3,3
5666.7,3,4,3,4,7,4,3,3,3,3,3
2400,4,4,3,4,3,4,3,3,3,3,1
4016.7,4,4,3,4,5,4,3,3,3,2,4
7400,4,4,3,4,5,2,3,3,3,2,3
3666.7,4,4,2,4,5,2,3,3,3,3,4
4000,4,4,3,4,5,2,3,3,3,3,3
460,4,4,2,2,3,3,3,3,3,3,1
1400,3,3,2,3,3,3,3,3,3,3,3
1800,4,4,3,4,3,4,3,3,3,3,1
1181.7,4,3,3,3,4,3,3,3,3,3,2
4500,4,3,2,4,3,4,3,3,3,3,1
1666.7,4,3,2,4,2,3,3,3,3,3,4
