750,4,3,3,3,5,4,3,3,3,3,3
1200,4,3,3,4,5,4,3,3,3,3,1
2500,4,4,3,4,3,4,3,3,3,3,1
2200,4,4,3,4,5,2,3,3,3,3,1
1833.3,4,4,3,4,5,4,3,3,3,3,1
1035,4,4,3,3,3,4,3,3,3,3,2
1400,4,4,3,4,6,4,3,3,3,3,2
866.67,4,4,3,3,5,4,3,3,3,3,1
1400,4,4,3,3,6,4,3,3,3,3,4
1100,4,4,3,4,7,4,3,3,3,3,4
1766.7,4,4,3,4,3,4,3,3,3,3,3
1010,4,4,3,4,4,2,3,3,3,3,4
1200,4,3,2,1,4,4,2,2,3,3,2
2500,4,4,3,3,7,4,3,3,3,3,2
1750,4,4,3,3,5,4,3,3,3,3,4
2166.7,4,3,2,4,5,4,3,3,3,3,2
5000,4,3,2,4,7,2,3,3,3,3,4
2053.6,4,4,3,3,5,4,3,3,3,3,2
5633.3,4,1,3,4,7,4,3,3,3,3,3
3386,4,4,3,3,5,4,3,3,3,3,1
24400,4,4,3,4,5,4,3,3,3,3,1
3550,4,4,2,4,3,3,3,3,3,3,1
1075,4,4,3,4,3,3,3,3,3,3,1
1500,4,4,3,3,5,4,3,3,3,3,4
2200,4,4,3,4,3,4,3,3,3,3,1
2450,4,4,3,4,3,3,3,3,3,3,1
1650,4,4,3,4,5,4,3,3,3,3,1
5950,4,4,3,4,3,4,3,3,3,3,1
3266.7,4,4,3,4,6,4,3,3,3,3,3
2450,4,4,3,3,5,4,3,3,3,3,4
2400,4,4,3,4,5,4,3,3,3,3,1
10000,4,4,2,4,3,2,3,3,3,3,4
1360,4,1,3,1,2,4,2,3,2,3,3
19000,4,4,3,4,7,3,3,3,3,3,2
2966.7,4,4,3,4,7,4,3,3,3,3,2
4200,4,3,3,4,3,4,3,3,3,3,1
1133.3,3,2,2,2,4,3,3,3,3,3,4
2900,4,4,3,4,7,4,3,3,3,3,1
3500,4,3,3,3,4,4,3,3,3,3,3
3500,4,4,3,4,3,4,3,3,3,3,1
2000,4,1,2,4,3,2,2,3,2,3,4
1200,4,4,3,3,5,4,3,3,3,3,4
950,4,1,2,3,3,1,1,1,2,3,2
2266.7,4,4,3,4,3,4,3,3,3,3,1
3785.7,4,4,3,3,5,4,3,3,3,3,1
2926.7,4,4,3,3,3,3,3,3,3,3,2
10000,4,4,2,4,4,4,3,3,3,3,4
1900,4,3,2,4,2,4,3,3,3,3,4
1456.7,4,4,2,4,7,4,3,3,3,3,2
2400,4,4,3,4,6,4,3,3,3,3,1
3750,4,4,3,4,5,4,3,3,3,3,1
3947.6,4,4,3,2,5,4,3,3,3,3,4
1000,4,2,2,1,5,1,1,1,3,3,2
700,4,1,3,4,6,3,3,3,3,3,2
2183.3,4,4,2,3,5,3,3,3,3,3,2
4528,4,4,3,4,7,4,3,3,3,3,3
1266.7,4,4,3,4,2,4,3,3,3,3,1
1615,4,4,2,4,6,4,3,3,3,3,1
2000,4,4,3,3,7,4,3,3,3,3,3
2400,4,4,3,4,4,4,3,3,3,3,1
2300,4,3,2,4,3,4,3,3,3,3,1
1200,4,4,3,4,7,4,3,3,3,3,1
3000,4,4,2,4,3,4,2,3,2,3,1
2150,4,3,3,4,3,4,3,3,3,3,1
6750,4,4,3,4,7,4,3,3,3,3,3
4050,4,4,3,4,7,4,3,3,3,3,1
2400,4,3,3,4,2,4,3,3,3,3,1
1010,4,4,2,4,4,4,3,3,3,3,2
5250,4,4,3,4,7,2,3,3,3,3,1
5400,4,4,3,4,7,4,3,3,3,3,1
2000,4,4,3,3,5,4,3,3,3,3,4
1333.3,4,4,2,4,2,4,3,3,3,3,1
3000,4,4,3,4,7,4,3,3,3,3,4
833.33,4,4,3,4,4,3,3,3,3,3,4
2000,4,4,2,4,3,4,3,3,3,3,2
1200,4,4,3,4,6,4,3,3,3,3,2
1733.3,4,4,2,4,5,3,3,3,3,3,3
10500,4,4,3,4,7,4,3,3,3,3,1
2000,4,3,2,4,3,3,3,3,3,3,3
4320,4,4,3,3,5,4,3,3,3,3,4
2500,4,4,3,4,5,4,3,3,3,3,4
1200,4,3,3,3,4,4,3,3,3,3,4
4800,4,4,3,4,4,4,3,3,3,3,1
1583.3,4,4,3,3,5,4,3,3,3,3,4
1500,4,4,3,4,6,4,3,3,3,3,2
2640,4,4,3,4,4,4,3,3,3,3,1
940,4,3,2,2,3,4,3,3,3,3,2
4500,4,4,3,3,7,4,3,3,3,3,4
2800,4,4,3,4,5,4,2,3,3,3,2
3500,4,3,3,4,3,4,3,3,3,3,3
2000,4,4,3,4,3,4,3,3,3,3,4
1625,4,4,3,3,7,4,3,3,3,3,3
1200,4,4,3,4,3,4,3,3,3,3,2
2750,4,4,3,4,7,4,3,3,3,3,1
1144.4,4,4,3,2,3,4,3,3,3,3,3
2580,4,4,3,3,3,4,3,3,3,3,3
1900,4,4,3,4,5,4,3,3,3,3,2
1520,4,3,3,3,2,4,3,3,3,3,2
1366.7,4,4,3,4,6,4,3,3,3,3,4
1900,4,4,3,3,7,4,3,3,3,3,3
1333.3,4,3,3,3,5,4,3,3,3,3,4
1040,4,1,3,3,5,4,3,3,3,3,2
4500,4,4,3,4,7,4,3,3,3,3,2
2400,4,4,3,4,5,3,3,3,3,3,1
5200,4,4,3,3,7,4,3,3,3,3,3
2400,4,4,3,4,4,4,3,3,3,3,1
953.6,4,2,2,2,3,3,3,2,3,3,2
2300,4,4,3,3,4,4,3,3,3,3,2
1380,4,2,2,2,2,2,3,3,3,3,4
1874,4,3,2,3,5,4,3,3,3,3,3
900,4,4,3,4,7,4,3,3,3,3,4
2166.7,4,3,3,3,3,3,3,3,3,3,1
2333.3,4,4,3,4,5,4,3,3,3,3,4
1850,4,3,2,4,2,4,3,3,3,3,1
1000,4,4,3,4,3,4,3,3,3,3,4
5000,4,4,3,4,6,4,3,3,3,3,2
3000,4,4,3,4,4,4,3,3,3,3,3
1000,4,4,2,3,5,4,3,3,3,3,4
562.5,3,1,2,3,2,3,3,3,3,3,2
800,4,4,3,2,5,3,3,3,3,3,4
3200,3,4,3,4,5,4,3,3,3,3,1
1625,4,4,3,3,6,4,3,3,3,3,3
1871.4,4,4,3,3,5,3,3,3,3,3,2
800,4,3,3,3,4,4,3,3,3,3,1
3480,4,4,3,3,5,4,3,3,3,3,1
3000,4,4,3,4,5,4,3,3,3,3,1
4800,4,3,3,4,3,4,3,3,3,3,1
3333.3,4,4,3,4,6,4,3,3,3,3,4
4350,4,3,2,4,2,4,3,3,3,3,1
1950,4,1,3,4,3,3,3,3,3,3,1
2750,4,4,3,4,3,4,3,3,3,3,1
2100,4,1,2,4,2,2,3,3,2,3,1
2900,4,4,3,3,3,4,3,3,3,3,4
2375,4,4,3,3,6,4,3,3,3,3,1
933.33,4,1,2,3,5,4,3,3,3,3,2
1500,4,4,2,4,3,4,3,3,3,3,1
2275,4,4,3,3,3,4,3,3,3,3,2
1682.5,4,4,2,4,7,2,3,3,3,3,2
2566.7,4,4,3,4,7,4,3,3,3,3,4
4100,4,4,3,4,6,4,3,3,3,3,2
1800,4,4,2,4,4,4,3,3,3,3,1
2200,3,3,3,4,4,4,3,3,3,3,1
4750,4,4,3,4,7,4,3,3,3,3,2
4200,4,1,3,4,3,2,2,3,3,3,2
3000,4,4,3,4,3,4,3,3,3,3,2
1766.7,4,4,3,4,3,4,3,3,3,3,1
1571.4,4,4,2,1,5,4,3,3,3,3,1
5000,4,4,3,4,5,4,3,3,3,3,2
1166.7,4,4,3,3,3,4,3,3,3,3,2
1750,4,4,3,3,4,4,3,3,3,3,3
750,4,4,3,3,4,4,3,3,3,3,2
760,4,3,2,3,2,4,3,3,2,3,2
5000,4,4,3,4,7,4,3,3,3,3,1
2300,4,4,3,4,4,4,3,3,3,3,1
316.67,4,4,3,3,3,4,3,3,3,3,2
1600,4,4,3,2,3,4,3,3,3,3,1
1200,4,4,2,4,5,3,3,3,3,3,2
4000,4,4,3,4,6,4,3,3,3,3,2
3500,4,4,3,3,6,4,3,3,3,3,3
1200,4,3,2,3,4,3,3,3,3,3,4
2100,4,4,3,4,2,3,3,3,3,3,1
3860,4,4,3,4,7,4,3,3,3,3,1
4500,4,4,2,4,6,4,3,3,3,3,2
1000,4,4,3,4,4,3,3,3,3,3,1
2200,4,4,3,4,3,4,3,3,3,3,1
1833.3,4,4,3,3,5,4,3,3,3,3,2
2600,4,4,3,3,5,3,3,3,3,3,1
1666.7,4,4,3,4,6,4,3,3,3,3,4
3400,4,4,3,4,3,4,3,3,3,3,3
3500,4,4,3,4,7,4,3,3,3,3,2
700,4,4,3,3,4,4,3,3,3,3,4
1166.7,4,4,3,3,4,4,3,3,3,3,3
5000,4,4,3,4,6,4,3,3,3,3,4
1240,4,1,2,1,3,2,2,3,2,3,4
2133.3,4,3,3,4,3,3,2,3,3,3,3
3333.3,4,4,3,4,7,4,3,3,3,3,1
3766.7,4,4,3,4,4,4,3,3,3,3,1
5250,4,3,2,4,7,4,3,3,3,3,3
3666.7,4,3,3,3,5,4,3,3,3,3,4
1950,4,4,3,4,7,4,3,3,3,3,2
4100,4,3,2,4,3,4,3,1,3,3,4
2425,4,4,3,3,4,4,3,3,3,3,1
2000,4,3,3,3,7,3,3,3,3,3,2
4666.7,4,4,3,3,5,4,3,3,3,3,4
7000,4,4,3,4,6,4,3,3,3,3,3
2000,4,3,2,3,4,4,3,3,3,3,4
2466.7,4,4,2,3,3,4,3,3,3,3,1
17500,4,4,3,4,4,3,3,3,3,3,3
428.57,4,3,3,1,5,4,3,3,3,3,3
4500,4,4,3,4,4,4,3,3,3,3,2
5000,4,4,3,4,5,4,3,3,3,3,1
750,4,4,3,3,6,4,3,3,3,3,1
925,4,4,3,4,2,4,3,3,3,3,1
2300,4,4,3,4,4,4,3,3,3,3,1
2000,4,4,2,4,3,4,3,3,3,3,1
9500,4,4,3,4,7,4,3,3,3,3,2
3000,4,4,3,4,6,3,3,3,3,3,4
6000,4,4,2,4,3,4,3,3,3,3,4
3666.7,4,4,3,4,6,3,3,3,3,3,3
2300,4,4,3,4,3,4,3,3,3,3,1
3000,4,4,3,4,6,4,3,3,3,3,1
300,4,3,2,2,2,2,2,3,3,3,1
840,4,1,2,1,2,3,2,1,3,3,2
1900,4,4,2,3,1,4,3,3,3,3,1
4000,4,4,3,4,4,4,3,3,3,3,1
2333.3,4,4,3,4,5,4,3,3,3,3,2
1540,4,4,2,3,4,4,3,3,3,3,4
3100,4,4,3,4,3,4,3,3,3,3,1
1666.7,4,4,3,4,7,4,3,3,3,3,2
5500,4,4,3,4,6,4,3,3,3,3,2
2160,4,4,3,3,7,4,3,3,3,3,2
2500,4,4,3,4,7,4,3,3,3,3,1
3430.8,4,4,3,4,3,3,3,3,3,3,1
1333.3,4,4,3,3,4,4,3,3,3,3,4
5250,4,4,3,4,7,4,3,3,3,3,2
1500,4,2,3,4,5,4,3,3,3,3,1
2200,4,4,3,3,3,4,3,3,3,3,1
2500,4,4,3,4,6,4,3,3,3,3,1
5950,4,4,3,4,7,4,3,3,3,3,3
2133.3,4,3,2,2,5,4,3,3,3,3,3
687.5,4,4,2,3,3,4,3,3,3,3,2
2500,4,4,3,3,6,4,3,3,3,3,3
4950,4,4,3,4,3,3,3,3,3,3,1
2416.7,4,4,3,3,3,4,3,3,3,3,2
2007.5,4,4,3,3,3,4,3,3,3,3,2
2000,4,4,2,3,6,4,3,3,3,3,3
1000,4,4,3,3,6,4,3,3,3,3,1
1083.3,4,4,3,3,3,4,3,3,3,3,3
6200,4,4,3,4,6,4,3,3,3,3,1
780,4,3,3,1,3,3,3,3,3,3,4
2100,4,4,3,4,3,3,3,3,3,3,1
2333.3,4,3,3,3,5,4,3,3,3,3,4
2800,4,4,3,3,4,4,3,3,3,3,2
710,4,3,2,1,5,4,2,3,3,3,4
4000,4,4,3,4,4,4,3,3,3,3,2
2883.3,4,4,2,3,3,4,3,3,3,3,3
1700,4,4,3,3,3,3,3,3,3,3,4
505.71,3,4,2,1,2,4,3,3,3,3,1
1360,4,3,2,4,3,3,3,3,3,3,1
1400,4,4,3,4,5,3,3,3,3,3,1
2280,4,2,2,4,1,4,2,3,3,3,1
625,4,4,3,3,5,4,3,3,3,3,3
2333.3,4,3,3,2,4,4,3,3,3,3,3
5250,4,4,3,4,7,4,3,3,3,3,2
3800,4,4,3,4,7,4,3,3,3,3,1
1062.7,4,3,2,1,2,4,3,3,2,3,2
1475,4,4,3,3,4,4,3,3,3,3,1
2425,4,4,3,4,6,4,3,3,3,3,4
457.5,3,4,2,1,6,4,3,1,2,3,1
1700,4,4,3,3,7,4,3,3,3,3,3
40000,4,4,3,4,6,4,3,3,3,3,3
3500,4,4,3,4,7,4,3,3,3,3,2
700,4,4,3,2,3,4,3,3,3,3,4
940,4,1,2,3,3,2,3,3,2,3,1
1011.7,4,4,3,3,5,4,3,3,3,3,1
2550,4,4,3,4,3,4,3,3,3,3,1
1750,4,4,2,1,5,4,3,3,3,3,3
5500,4,4,2,4,6,4,3,3,3,3,4
2300,4,2,3,4,3,4,3,3,3,3,1
1158.3,4,4,3,3,3,2,3,3,3,3,1
625,4,4,3,3,3,4,3,3,3,3,2
1750,4,3,3,3,3,4,3,3,3,3,3
1950,4,4,3,4,7,4,3,3,3,3,2
2400,4,4,3,4,5,4,3,3,3,3,1
9800,4,4,3,4,7,4,3,3,3,3,2
1935.7,4,3,2,2,4,2,3,3,3,3,3
9500,4,4,3,4,7,4,3,3,3,3,1
1010,4,1,2,4,4,3,3,3,3,3,4
2650,4,4,3,4,3,4,3,3,3,3,1
2266.7,4,4,3,4,4,4,3,3,3,3,3
2900,4,4,3,4,7,3,3,3,3,3,4
1066.7,4,1,3,4,3,3,3,3,3,3,1
1600,4,4,2,3,3,4,3,3,3,3,2
328.57,3,3,2,1,3,4,2,3,2,3,1
1600,4,4,3,3,4,3,3,3,3,3,1
1405,4,4,2,3,5,4,3,3,3,3,4
5000,4,4,3,4,3,4,3,3,3,3,1
5250,4,2,3,4,5,4,3,3,3,3,4
10000,4,4,3,4,5,4,3,3,3,3,4
3200,4,4,3,3,4,4,3,3,3,3,4
2400,4,4,3,4,4,4,3,3,3,3,1
600,4,4,2,1,4,4,3,3,3,3,1
6000,4,4,3,4,7,4,3,3,3,3,3
1925,4,3,3,3,5,4,3,3,3,3,1
1760,4,4,3,3,4,4,3,3,3,3,2
4500,4,3,3,3,5,3,3,3,3,3,4
12000,4,4,3,4,7,4,3,3,3,3,1
8000,4,4,3,3,7,3,3,3,3,3,2
2250,4,3,2,3,3,2,2,3,2,3,3
3000,4,4,3,2,3,4,3,3,3,3,1
904,4,1,2,1,5,2,2,3,2,3,3
912,4,4,3,3,4,4,3,3,3,3,1
3350,4,4,3,4,7,4,3,3,3,3,2
3540,4,4,3,4,4,3,3,3,3,3,4
3250,4,4,3,4,5,4,3,3,3,3,1
2789.3,4,4,3,4,5,4,3,3,3,3,4
500,4,4,2,4,5,3,3,3,3,3,1
4000,4,4,3,4,3,4,3,3,3,3,1
1900,4,4,3,4,3,2,3,3,3,3,1
3100,4,4,3,4,3,4,3,3,3,3,1
10500,4,4,3,4,7,4,3,3,3,3,3
3750,4,1,2,4,5,3,3,3,3,3,2
450,4,4,3,4,4,2,3,3,3,3,3
4000,3,4,3,4,7,4,3,3,3,3,2
3000,4,3,3,4,5,4,3,3,3,3,1
1766.7,4,4,3,4,5,4,3,3,3,3,1
1400,4,4,2,3,5,4,3,3,3,3,2
4100,4,3,3,4,4,4,3,3,3,3,2
3250,4,4,3,4,3,4,3,3,3,3,1
1242.5,4,3,2,3,6,3,3,3,3,3,4
2920,4,4,3,3,2,3,3,3,3,3,4
2400,4,4,3,4,2,4,3,3,3,3,1
2800,4,4,3,3,7,4,3,3,3,3,3
12000,4,4,3,4,7,4,3,3,3,3,3
1400,3,1,2,1,3,2,2,3,3,3,1
3500,4,3,3,4,5,3,3,3,3,3,4
2600,4,4,2,4,4,3,3,3,3,3,3
2266.7,4,3,3,4,3,4,3,3,3,3,1
1625,4,4,3,1,5,4,3,3,3,3,4
2500,4,4,3,4,5,4,3,3,3,3,4
2180,4,4,3,4,5,4,3,3,3,3,2
2300,4,4,2,3,4,4,3,3,3,3,4
1375,3,4,3,4,3,4,3,3,3,3,1
1800,4,3,2,4,3,2,3,3,3,3,1
2900,4,4,3,4,4,3,3,3,3,3,4
1700,4,4,3,3,3,3,3,3,3,3,1
685,4,3,2,3,4,3,3,3,3,3,2
4440,4,4,3,4,4,4,3,1,2,3,2
1620,4,4,3,3,4,4,3,3,3,3,2
3400,4,4,3,4,7,4,3,3,3,3,2
10000,4,4,3,4,6,4,3,3,3,3,1
2266.7,4,4,3,4,3,4,3,3,3,3,3
4500,4,4,3,4,4,4,3,3,3,3,4
1046,4,2,2,2,4,4,3,3,3,3,4
1833.3,4,4,3,4,4,3,3,3,3,3,1
1500,4,4,3,3,3,4,3,3,3,3,4
2400,4,3,3,4,3,4,3,3,3,3,1
1200,4,4,3,4,7,4,3,3,3,3,3
2350,4,4,3,4,5,4,3,3,3,3,4
1950,4,4,3,4,5,4,3,3,3,3,1
2383.3,4,4,2,3,2,4,3,3,3,3,1
964.29,4,3,2,2,3,4,3,3,3,3,4
5000,4,3,3,4,6,4,3,3,3,3,3
5500,4,4,3,4,5,4,3,3,3,3,2
1000,4,4,3,3,5,4,3,3,3,3,4
2000,4,4,3,4,5,4,3,3,3,3,4
1875,4,3,3,3,5,3,3,3,3,3,1
1300,4,3,3,3,5,4,3,3,3,3,4
5500,4,4,3,4,7,4,3,3,3,3,1
3050,3,1,3,2,4,3,2,1,3,3,3
2500,4,4,3,4,2,4,3,3,3,3,4
1000,4,4,2,2,3,4,3,3,3,3,2
3025,4,3,3,4,4,3,3,3,3,3,1
3800,4,4,3,4,7,4,3,3,3,3,1
2500,4,4,3,4,7,4,3,3,3,3,3
2300,4,4,3,3,5,4,3,3,3,3,3
4380,4,3,3,2,4,2,3,3,3,3,1
3666.7,4,4,3,4,7,4,3,3,3,3,3
1850,4,4,2,3,4,4,3,3,3,3,4
1133.3,4,4,3,4,3,4,3,3,3,3,1
2000,4,4,3,4,3,4,3,3,3,3,4
3500,4,4,3,4,3,4,3,3,3,3,1
4000,4,4,3,4,6,4,3,3,3,3,1
6000,4,4,3,4,7,4,3,3,3,3,2
2000,4,4,3,4,5,3,3,3,3,3,3
2666.7,4,4,3,4,4,4,3,3,3,3,4
2159.8,4,4,3,4,7,3,3,3,3,3,4
4800,4,4,3,4,3,4,3,3,3,3,1
3000,4,4,3,4,7,4,3,3,3,3,3
2500,4,4,3,4,2,4,3,3,3,3,1
2460,4,4,3,3,7,4,3,3,3,3,3
2333.3,4,4,3,3,5,4,3,3,3,3,4
1487.5,4,3,3,3,6,2,3,3,3,3,1
4500,4,4,2,4,5,4,3,3,3,3,3
734,4,4,2,4,4,4,3,3,3,3,2
1950,4,4,3,4,2,4,3,3,3,3,1
4433.3,4,4,3,3,5,4,3,3,3,3,1
2400,4,4,3,4,3,4,3,3,3,3,1
2000,4,4,3,4,6,4,3,3,3,3,4
770,4,4,3,3,4,3,3,3,3,3,3
1735,4,3,3,4,4,4,3,3,3,3,2
1000,4,4,3,3,2,3,3,2,3,3,1
2040,4,4,3,3,3,2,3,3,3,3,1
500,4,1,2,4,3,3,3,3,3,3,3
1591.3,4,4,2,2,3,3,3,3,3,3,4
871.43,4,4,2,2,3,2,3,3,3,3,1
2300,4,3,3,4,3,4,3,3,3,3,1
1058,4,4,3,3,5,3,3,3,3,3,4
3333.3,4,4,3,4,7,4,3,3,3,3,3
8000,4,3,3,4,6,4,3,3,3,3,1
3400,4,4,2,3,3,4,3,3,3,3,1
3000,4,4,3,4,3,3,3,3,3,3,1
1040,4,4,3,3,3,4,3,3,3,3,2
3200,4,4,3,3,6,4,3,3,3,3,3
2666.7,4,4,2,3,3,4,3,3,3,3,3
1875,4,4,3,4,5,4,3,3,3,3,4
2400,4,3,3,2,2,4,3,3,3,3,1
960,4,3,2,2,4,3,3,3,3,3,4
2200,4,4,3,4,4,4,3,3,3,3,2
2500,4,4,3,3,2,4,3,2,3,3,3
7350,4,4,3,4,5,4,3,3,3,3,3
2500,4,3,2,3,3,3,3,3,3,3,4
2250,4,4,3,4,2,4,3,3,3,3,1
866.67,4,2,2,3,5,2,3,3,2,3,4
916.67,4,1,2,2,3,3,2,3,2,3,2
1624,4,4,3,3,3,4,3,3,3,3,1
1500,4,4,3,4,5,4,3,3,3,3,4
4000,4,4,3,4,3,4,3,3,3,3,1
1550,4,4,3,4,3,4,3,3,3,3,2
2966.7,4,4,3,4,5,4,3,3,3,3,1
4000,4,3,3,4,5,4,3,3,3,3,4
1350,4,3,2,4,3,4,3,2,3,3,2
1250,4,4,3,4,5,4,3,3,3,3,3
680,4,3,3,3,4,1,1,1,3,3,1
3666.7,4,4,3,3,7,4,3,3,3,3,2
4333.3,4,4,3,4,6,4,3,3,3,3,4
1500,4,4,2,3,7,4,3,3,3,3,1
1566.7,4,1,2,3,7,4,3,2,3,3,2
2666.7,4,4,3,4,7,4,3,3,3,3,3
1666.7,4,4,2,4,3,4,3,3,3,3,4
1166.7,4,4,3,3,6,4,3,3,3,3,4
2300,4,4,3,3,3,3,3,3,3,3,3
696,4,3,3,3,3,4,3,3,3,3,4
635,4,3,2,3,3,4,3,3,3,3,2
1000,4,4,3,3,5,3,3,3,3,3,4
3280,4,4,3,3,5,4,3,3,3,3,4
2700,4,4,3,4,5,4,3,3,3,3,2
3100,4,4,3,4,6,4,3,3,3,3,1
900,4,4,3,4,3,3,3,3,3,3,1
875,4,1,2,3,2,3,3,3,3,3,1
2400,4,4,3,4,2,4,3,3,3,3,1
2000,4,4,3,3,5,4,3,3,3,3,4
2360,4,3,3,3,4,3,3,3,3,3,4
1084,4,4,3,3,3,4,3,3,3,3,4
600,4,4,3,4,6,3,3,3,3,3,1
1642.9,4,4,3,3,7,4,3,3,3,3,1
2750,4,4,3,4,4,3,3,3,3,3,4
4500,4,3,3,4,7,4,3,3,3,3,1
2600,4,4,3,3,4,4,3,3,3,3,2
1800,4,4,3,4,6,4,3,3,3,3,4
3100,4,4,3,4,7,4,3,3,3,3,3
3250,4,4,3,4,5,4,3,3,3,3,3
666.67,4,4,3,4,4,3,3,3,3,3,1
240,4,3,3,4,6,4,3,3,3,3,1
5100,4,4,3,4,3,4,3,2,3,3,1
4333.3,4,4,3,4,4,4,3,3,3,3,4
4300,4,3,2,4,4,4,3,3,3,3,2
2300,4,4,3,4,5,4,3,3,3,3,1
2750,4,4,3,3,7,4,3,3,3,3,4
2600,4,4,3,4,3,4,3,3,3,3,1
4333.3,4,4,3,3,7,4,3,3,3,3,4
3025,4,4,3,4,3,4,3,3,3,3,1
1500,4,4,3,3,7,4,3,3,3,3,1
1375,4,4,3,3,4,4,3,3,3,3,4
1267.5,4,4,3,3,3,4,3,3,3,3,1
2400,4,4,3,3,3,4,3,3,3,3,2
2366.7,4,4,2,4,2,4,3,3,3,3,1
2496,4,4,3,3,3,4,3,3,3,3,3
8100,4,4,3,4,4,4,3,3,3,3,1
1450,4,4,3,4,6,4,3,3,3,3,1
2700,4,3,3,4,3,4,3,3,3,3,1
2666.7,4,4,2,3,4,4,3,3,3,3,3
4250,4,4,3,4,5,4,3,3,3,3,3
1750,4,4,2,3,6,4,3,3,3,3,4
1800,4,4,3,4,4,2,3,3,3,3,3
3950,4,1,3,3,3,3,3,3,3,3,1
5350,4,4,3,4,4,4,3,3,3,3,4
3200,1,4,3,4,2,3,3,3,3,3,1
3600,4,4,2,4,5,4,3,3,3,3,4
3550,4,4,3,4,7,4,3,3,3,3,2
1366.7,4,4,3,4,5,4,3,3,3,3,2
2750,4,3,3,4,3,4,3,3,3,3,1
4000,4,3,2,4,3,2,3,3,3,3,4
3200,4,4,3,4,3,4,3,3,3,3,1
950,4,4,2,3,6,4,3,3,3,3,1
1850,4,4,3,4,3,4,3,3,3,3,4
1000,4,4,3,4,3,4,3,3,3,3,2
4875,3,4,2,3,4,3,3,3,3,3,1
1790,4,4,3,4,2,4,3,3,3,3,1
1380,4,1,3,3,3,3,3,3,3,3,1
2233.3,4,4,3,4,3,4,3,3,3,3,1
2000,4,4,3,4,5,4,3,3,3,3,3
1075,4,4,2,4,4,4,3,1,3,3,1
2000,4,4,3,4,5,4,3,3,3,3,4
5750,4,4,3,4,5,4,3,3,3,3,3
2000,4,3,2,3,3,2,3,3,3,3,4
3766.7,4,4,2,3,4,4,3,3,3,3,4
878,4,4,2,2,3,4,3,3,3,3,4
2333.3,4,4,3,3,6,4,3,3,3,3,3
1750,4,4,2,4,5,4,3,3,3,3,3
7000,4,4,3,4,6,4,3,3,3,3,3
1250,4,4,3,4,4,4,3,3,3,3,1
1500,4,4,3,3,4,4,3,3,3,3,3
2400,4,3,3,4,2,4,3,3,3,3,1
3450,4,4,3,4,7,4,3,3,3,3,2
2950,4,4,3,4,2,4,3,3,3,3,1
1640,4,1,2,2,5,3,3,3,3,3,4
842.86,4,4,3,2,3,4,3,3,3,3,4
2520,4,3,2,3,4,4,3,3,3,3,3
3000,4,4,3,4,6,4,3,3,3,3,1
1750,4,4,3,4,3,4,3,3,3,3,1
6200,4,4,3,4,5,4,3,3,3,3,1
3600,4,4,3,4,2,4,3,3,3,3,2
3000,4,4,3,4,3,4,3,3,3,3,4
1175,4,4,3,4,3,4,3,3,3,3,1
2533.3,4,4,3,4,4,4,3,3,3,3,1
1560,4,4,3,4,5,4,3,3,3,3,1
1456.7,4,4,3,3,4,4,3,3,3,3,4
3000,4,4,3,3,3,4,3,3,3,3,3
500,4,4,3,3,4,4,3,3,3,3,2
1540,4,3,3,3,3,4,3,3,3,3,1
636.67,4,3,2,2,3,3,2,3,3,3,2
2980,4,3,3,3,4,4,3,3,3,3,2
1650,4,4,2,3,2,3,3,3,3,3,2
2200,4,3,2,4,2,4,3,3,3,3,1
1642.5,4,4,3,3,2,4,3,3,3,3,1
3000,4,4,3,4,5,4,3,3,3,3,4
2975,4,4,3,4,6,3,3,3,3,3,2
430,4,4,2,1,4,4,3,3,3,3,2
1400,4,4,3,3,7,4,3,3,3,3,2
2166.7,4,4,3,4,6,4,3,3,3,3,1
2500,4,3,3,4,5,4,3,3,3,3,4
1396.4,4,4,3,3,4,4,3,3,3,3,2
5833.3,4,4,3,4,5,4,3,3,3,3,3
1083.3,4,3,2,2,4,4,3,3,3,3,3
3175,4,4,3,4,3,3,3,3,3,3,1
1170,4,4,2,2,3,3,3,2,3,3,4
2550,4,3,2,4,3,3,3,3,3,3,4
2750,4,4,3,3,4,4,3,3,3,3,4
10500,4,4,3,4,7,4,3,3,3,3,4
750,4,4,2,4,4,4,3,3,3,3,4
1250,4,4,3,3,5,4,3,3,3,3,1
1600,4,4,3,3,3,4,3,3,3,3,4
2038.5,4,4,3,3,3,4,3,3,3,3,3
2000,4,4,3,4,3,4,3,3,3,3,2
2700,4,4,3,4,7,4,3,3,3,3,3
1933.3,4,4,3,4,4,4,3,3,3,3,3
1440,4,4,3,3,4,3,3,3,3,3,3
4500,4,4,3,4,6,4,3,3,3,3,2
1200,4,3,3,4,3,3,3,3,3,3,1
5300,4,4,3,4,5,4,3,3,3,3,1
5500,4,4,3,4,6,4,3,3,3,3,1
6000,4,4,3,4,7,3,3,2,3,3,4
465,4,4,3,3,3,4,3,3,3,3,1
5450,4,1,2,4,3,3,3,3,3,3,2
1250,4,4,3,3,5,4,3,3,3,3,3
2266.7,4,4,3,4,3,4,3,3,3,3,1
5000,4,4,3,4,6,4,3,3,3,3,3
1366.7,3,4,3,4,3,3,3,3,3,3,1
2400,4,4,3,4,7,4,3,3,3,3,1
3250,4,4,3,3,7,4,3,3,3,3,1
777.78,4,4,2,2,4,4,3,3,3,3,4
4000,4,4,3,4,6,4,3,3,3,3,4
925,4,4,3,3,4,4,3,3,3,3,4
3666.7,4,4,3,4,2,4,3,3,3,3,1
4800,4,4,3,4,2,4,3,3,3,3,1
2550,4,4,3,4,4,2,3,3,3,3,4
5000,4,4,3,4,5,4,3,3,3,3,1
1200,4,3,3,4,3,4,3,3,3,3,1
1657.1,4,4,3,2,2,4,3,3,3,3,1
4600,4,4,3,4,3,4,3,3,3,3,2
3125,4,4,3,4,5,4,3,3,3,3,3
2000,4,4,3,3,5,4,3,3,3,3,4
4833.3,4,4,3,4,6,4,3,3,3,3,4
6000,4,4,3,4,4,4,3,3,3,3,3
2300,4,4,3,4,3,4,3,3,3,3,1
4500,4,4,3,4,7,4,3,3,3,3,1
1400,4,4,3,2,4,4,3,3,3,3,4
3166.7,4,4,3,4,5,4,3,3,3,3,4
600,3,3,3,1,3,2,3,3,3,3,3
8000,4,4,3,4,5,4,3,3,3,3,1
2500,4,4,3,3,5,4,3,3,3,3,4
2166.7,4,3,3,4,2,4,3,3,3,3,1
9657.5,4,3,2,1,3,4,3,1,3,3,1
3200,4,4,3,4,3,4,3,3,3,3,4
3000,4,3,3,4,3,4,3,3,3,3,2
13000,4,4,3,4,7,4,3,3,3,3,2
1500,4,4,2,4,6,4,3,3,3,3,1
1800,4,4,3,4,3,4,3,3,3,3,1
3200,4,3,3,4,6,4,3,3,3,3,1
802,4,4,3,3,4,4,3,3,3,3,3
4500,4,4,3,4,7,4,3,3,3,3,2
7805,4,4,3,4,7,4,3,3,3,3,1
3000,4,4,3,4,5,4,3,3,3,3,4
2000,4,3,3,4,2,3,3,3,3,3,1
2500,4,4,3,4,6,4,3,3,3,3,4
2000,4,4,3,4,3,4,3,3,3,3,1
4800,4,4,3,4,6,4,3,3,3,3,4
2520,4,3,3,3,5,4,3,3,3,3,1
1985,4,1,3,1,5,4,3,3,3,3,2
1350,4,4,3,4,7,4,3,3,3,3,4
733.33,4,3,3,2,7,4,3,3,3,3,4
7500,4,4,3,4,7,4,3,3,3,3,4
1666.7,4,4,3,4,6,3,3,3,3,3,4
890,4,3,3,1,4,4,3,2,3,3,4
7000,4,4,3,4,5,3,3,3,3,3,3
2830,4,1,2,4,5,3,3,3,3,3,2
1966.7,4,4,3,3,4,4,3,3,3,3,1
1925,4,3,3,3,4,4,3,3,3,3,1
2350,4,3,3,4,3,3,3,3,3,3,3
950,4,1,2,3,4,3,3,3,3,3,3
2960,4,3,3,3,3,4,3,3,3,3,4
1045,4,4,3,4,5,4,3,3,3,3,4
725,3,1,2,1,3,2,3,3,3,3,2
4535,4,4,3,4,5,4,3,3,3,3,3
1974,4,4,3,3,5,4,3,3,3,3,3
20000,4,4,3,4,7,4,3,3,3,3,1
780,4,1,2,2,4,3,3,3,3,3,3
2533.3,4,4,3,4,5,4,3,3,3,3,2
1900,4,4,3,3,7,4,3,3,3,3,4
2425,4,4,3,3,6,4,3,3,3,3,4
1000,4,4,3,4,3,3,3,3,3,3,1
2900,4,4,3,4,7,4,3,3,3,3,1
1333.3,4,4,3,3,6,2,3,3,3,3,4
5400,4,4,3,4,7,4,3,3,3,3,2
900,4,4,3,3,5,3,3,3,3,3,4
10000,4,3,3,4,6,4,3,3,3,3,4
1333.3,4,4,3,3,3,4,3,3,3,3,1
1333.3,4,4,2,2,4,3,3,3,3,3,4
2366.7,4,4,3,4,5,3,3,3,3,3,1
2550,4,4,2,3,2,4,3,3,3,3,1
2300,4,4,3,4,3,4,3,3,3,3,1
3333.3,4,4,3,2,2,3,3,2,3,3,1
744,4,4,3,3,4,4,3,3,3,3,4
4450,4,4,3,3,5,4,3,3,3,3,3
3333.3,4,4,3,3,6,4,3,3,3,3,2
2200,4,4,3,3,5,4,3,3,3,3,3
7000,4,4,3,4,6,4,3,3,3,3,3
3300,4,4,2,4,6,4,3,3,3,3,2
2400,4,1,2,4,3,3,3,3,3,3,1
2800,4,4,3,4,2,4,3,3,3,3,1
733.33,4,3,3,3,5,4,3,3,3,3,2
900,4,4,3,2,3,4,3,3,3,3,2
1975,4,4,3,3,5,4,3,3,3,3,4
1185,4,4,3,3,4,4,3,3,3,3,4
2100,4,4,3,4,4,4,3,3,3,3,1
2300,4,4,3,2,3,4,3,3,3,3,3
2000,4,4,3,4,2,4,3,3,3,3,1
3000,4,4,3,4,3,4,3,3,3,3,1
3000,4,4,3,4,3,4,3,3,3,3,1
2900,4,4,3,4,3,4,3,3,3,3,1
1800,4,4,3,3,6,4,3,3,3,3,1
1966.7,4,4,3,4,6,4,3,3,3,3,2
3666.7,4,3,3,3,7,4,3,3,3,3,3
3400,4,4,3,4,3,3,3,3,3,3,1
5600,4,4,3,4,7,4,3,3,3,3,1
1950,4,4,3,4,3,4,3,3,3,3,4
4925,4,4,3,4,5,4,3,3,3,3,3
3900,4,4,3,4,5,4,3,3,3,3,1
2150,4,4,3,4,4,3,3,3,3,3,1
1500,4,4,3,4,7,4,3,3,3,3,1
2000,4,4,3,4,5,4,3,3,3,3,3
2011.1,4,4,2,2,3,4,3,3,3,3,4
1674,4,4,2,2,3,4,3,3,3,3,4
4250,4,4,3,3,7,4,3,3,3,3,4
1983.3,4,4,3,3,6,4,3,3,3,3,2
2000,4,3,2,4,5,3,3,3,3,3,4
1250,4,4,3,3,5,4,3,3,3,3,4
3400,4,4,3,4,4,4,3,3,3,3,4
714.29,4,4,2,2,2,4,3,3,3,3,2
1900,4,4,3,3,4,4,3,3,3,3,3
3666.7,4,4,3,4,7,4,3,3,3,3,3
2200,4,4,3,4,3,3,3,3,3,3,1
2000,4,4,3,4,6,4,3,3,3,3,1
4000,4,4,3,4,4,4,3,3,3,3,4
1716.7,4,4,3,3,5,4,3,3,3,3,1
1480,4,4,3,3,3,4,3,3,3,3,1
9000,4,4,3,4,3,4,3,3,3,3,1
8000,4,4,3,4,4,4,3,3,3,3,4
1720,4,3,3,3,3,2,3,3,3,3,2
2525,4,4,2,4,2,3,3,3,3,3,3
1250,4,3,3,4,3,4,3,3,3,3,1
2500,4,4,3,4,3,4,3,3,3,3,1
822.22,4,4,2,2,5,4,3,3,3,3,4
1750,4,4,3,3,3,4,3,3,3,3,4
500,4,1,2,3,3,2,3,3,3,3,1
1838.9,4,3,3,2,3,4,3,3,3,3,2
2100,4,4,2,4,3,4,3,3,3,3,1
10000,4,4,3,4,6,3,3,3,3,3,2
500,4,4,3,3,5,4,3,3,3,3,2
650,4,4,3,3,3,4,3,3,3,3,4
1900,4,4,3,4,2,4,3,3,3,3,2
0,4,4,2,4,5,4,3,3,3,3,1
6000,4,4,3,4,6,4,3,3,3,3,4
2250,4,4,3,3,7,4,3,3,3,3,3
1250,4,4,2,3,3,4,3,3,3,3,3
1333.3,4,4,3,3,3,3,3,3,3,3,3
1500,4,3,3,4,3,3,3,3,3,3,2
803.33,4,4,3,3,3,4,3,3,3,3,1
2000,4,4,3,3,5,4,3,3,3,3,4
3666.7,4,4,3,3,6,4,3,3,3,3,4
3100,4,4,3,4,5,4,3,3,3,3,1
1050,4,3,2,2,3,4,3,2,3,3,1
2000,4,4,3,4,3,4,3,3,3,3,1
2250,4,4,3,4,5,4,3,3,3,3,1
523.33,4,3,2,2,4,1,1,1,3,3,4
1066.7,4,4,3,4,3,4,3,3,3,3,3
200,4,4,3,4,5,4,3,3,3,3,1
2333.3,4,3,3,4,4,3,3,3,3,3,4
2000,4,4,2,3,4,4,3,3,3,3,3
2988,4,4,3,3,7,4,3,3,3,3,4
1985,4,1,3,4,3,4,2,3,3,3,1
1500,4,4,3,4,7,4,3,3,3,3,3
2116.7,4,4,3,4,4,4,3,3,3,3,1
6000,4,4,2,4,7,4,3,3,3,3,2
842.86,4,4,3,3,3,4,3,3,3,3,1
1800,4,4,2,4,2,4,3,3,3,3,1
2300,4,4,3,4,3,4,3,3,3,3,1
833.33,4,4,2,2,5,4,3,3,3,3,4
10900,4,4,3,4,5,4,3,3,3,3,1
835.71,4,4,2,1,4,3,3,3,3,3,4
1525,4,4,3,4,6,3,3,3,3,3,1
2233.3,4,4,3,4,7,4,3,3,3,3,2
2243.8,4,4,3,3,4,4,3,3,3,3,4
2100,4,4,3,2,5,4,3,3,3,3,2
2500,4,3,3,4,6,4,3,3,3,3,1
2000,4,4,2,4,4,4,3,3,3,3,4
4000,4,4,3,4,4,4,3,3,3,3,2
3800,4,4,3,4,4,4,3,3,3,3,4
2500,4,4,3,4,5,4,3,3,3,3,4
1050,4,1,2,2,3,3,3,3,2,3,3
8000,4,4,3,3,7,4,3,3,3,3,1
667.5,4,4,2,3,5,4,3,3,3,3,2
1750,4,4,3,4,6,4,3,3,3,3,1
4500,4,4,3,4,5,4,3,3,3,3,3
4750,4,4,3,4,4,4,3,3,3,3,4
2833.3,4,4,3,3,6,4,3,3,3,3,4
2500,4,4,3,3,5,4,3,3,3,3,4
2000,4,3,2,4,2,2,3,3,3,3,1
5266.7,4,4,3,4,5,4,3,3,3,3,3
1666.7,4,3,2,1,3,2,3,3,3,3,4
880,3,3,2,3,4,4,3,3,3,3,1
3750,4,4,3,4,3,4,3,3,3,3,1
2500,4,4,3,4,5,4,3,3,3,3,4
1250,4,1,3,3,3,4,3,3,3,3,1
10000,4,4,3,4,7,3,3,3,3,3,2
5500,4,4,3,4,5,4,3,3,3,3,1
1640,4,4,3,2,3,4,3,3,3,3,4
10000,4,4,3,4,7,4,3,3,3,3,2
1002.5,4,3,3,3,2,4,3,3,3,3,3
1060,4,3,2,1,2,4,2,1,2,3,3
1666.7,4,4,3,4,5,3,3,3,3,3,4
4000,4,4,3,4,7,4,3,3,3,3,2
2500,4,4,2,3,3,4,3,3,3,3,2
1260,4,2,2,1,5,4,3,3,3,3,1
840,4,1,2,1,3,3,3,3,2,3,4
850,4,4,3,3,4,3,3,1,3,3,2
3875,4,4,3,4,3,4,3,3,3,3,1
985.71,4,4,2,3,3,3,3,3,3,3,4
1950,4,3,3,4,5,4,3,3,3,3,3
3000,4,4,3,4,5,4,3,3,3,3,1
4125,4,4,3,4,6,4,3,3,3,3,4
1800,4,4,3,4,3,3,3,3,3,3,1
3580,4,3,3,3,3,2,3,3,3,3,4
2380,4,4,3,3,4,4,3,3,3,3,3
866.67,4,4,3,3,3,3,3,3,3,3,4
3050,4,3,3,4,2,4,3,3,3,3,2
380,4,3,2,1,2,2,2,2,3,3,2
1750,4,4,2,3,4,3,3,3,3,3,4
1383.3,4,3,3,4,3,4,3,3,3,3,4
3500,4,4,3,4,3,4,3,3,3,3,1
3333.3,4,4,3,4,7,4,3,3,3,3,4
250,4,4,3,3,3,4,3,3,3,3,3
2500,4,4,3,4,4,4,3,3,3,3,1
622.22,4,3,2,2,2,3,3,3,3,3,2
2000,4,4,3,4,5,4,3,3,3,3,1
1825,4,4,3,3,3,4,3,3,3,3,2
3800,4,4,3,4,4,4,3,3,3,3,1
6500,4,4,3,4,4,4,3,3,3,3,4
3000,4,4,3,4,6,4,3,3,3,3,3
888.5,4,4,3,4,5,4,3,3,3,3,2
8000,4,4,3,4,5,4,3,3,3,3,4
3000,4,4,3,3,7,4,3,3,3,3,4
2250,4,4,2,4,5,4,3,3,3,3,1
2000,4,3,3,4,4,2,3,3,3,3,4
2080,4,4,2,2,2,4,3,3,3,3,1
3660,4,4,3,3,7,4,3,3,3,3,3
8500,4,4,3,4,7,4,3,3,3,3,3
2083.3,4,3,3,3,6,3,3,3,3,3,4
833.33,4,4,3,3,6,4,3,3,3,3,3
2500,4,4,3,3,3,4,3,3,3,3,1
766.67,4,4,3,2,4,4,3,3,3,3,2
3200,4,4,3,3,6,4,3,3,3,3,3
1900,4,3,2,4,3,4,3,3,3,3,1
3900,4,4,2,4,5,4,3,3,3,3,2
3500,4,4,3,4,5,4,3,3,3,3,1
1300,4,4,3,3,4,4,3,3,3,3,1
3442.5,4,4,3,3,7,4,3,3,3,3,4
2500,4,4,3,4,5,4,3,3,3,3,1
2575,4,4,3,1,5,3,3,2,3,3,1
10000,4,4,3,4,7,3,3,3,3,3,1
2500,3,3,2,4,2,2,2,3,2,3,1
4750,4,3,3,4,6,4,3,3,3,3,1
1966.7,4,4,3,4,5,4,3,3,3,3,1
1033.3,4,1,2,4,3,2,3,3,3,3,1
2353.3,4,4,3,4,4,3,3,3,3,3,1
630,4,3,2,3,5,3,3,3,3,3,2
1000,4,4,3,2,5,4,3,3,3,3,4
2900,4,3,3,4,3,4,3,3,3,3,2
1125,4,4,3,4,4,4,3,3,3,3,3
1850,4,3,2,4,7,3,3,2,3,3,2
2514.3,4,4,3,3,3,4,3,3,3,3,4
861.5,4,1,3,3,3,4,3,3,3,3,4
1561.7,4,4,3,2,4,4,3,3,3,3,4
2400,4,4,3,4,7,4,3,3,3,3,1
3066.7,4,4,3,4,3,4,3,3,3,3,3
4000,4,4,3,4,5,4,3,3,3,3,3
1700,4,4,3,4,4,4,3,3,3,3,1
6000,4,4,3,4,5,4,3,3,3,3,3
1333.3,4,4,3,4,4,4,3,3,3,3,4
1916.7,4,4,3,3,5,2,3,3,3,3,4
2165,4,4,3,4,3,2,3,3,3,3,1
1690,4,4,3,3,3,4,3,3,3,3,3
12200,4,4,3,4,7,4,3,3,3,3,2
3000,4,4,3,4,5,3,3,3,3,3,4
1020,4,3,3,3,5,4,3,3,3,3,4
2166.7,4,3,2,4,3,4,3,3,3,3,1
2025,4,4,3,3,2,4,3,3,3,3,1
6100,4,4,3,4,3,4,3,3,3,3,4
1475,4,3,3,1,5,4,3,2,3,3,1
1976.7,4,4,3,3,3,4,3,3,3,3,1
1340,4,4,3,3,3,4,3,3,3,3,1
2000,4,4,2,4,5,3,3,3,3,3,4
1525,4,4,2,3,3,4,3,1,3,3,3
1470,4,3,3,3,3,4,3,3,3,3,3
2300,4,4,3,4,3,3,3,3,3,3,1
3000,4,4,3,4,6,4,3,3,3,3,3
2375,4,4,3,4,7,4,3,3,3,3,2
800,4,3,2,3,3,3,3,3,3,3,1
4925,4,4,3,4,5,4,3,3,3,3,2
3600,4,4,3,4,3,4,3,3,3,3,4
1775,4,4,3,4,7,4,3,3,3,3,1
1550,4,1,2,4,2,2,3,3,3,3,1
6000,4,4,3,4,5,2,3,3,3,3,1
1166.7,4,4,3,4,5,4,3,3,3,3,2
925.71,4,4,3,3,3,4,3,3,3,3,1
1666.7,4,4,2,4,7,4,3,3,3,3,3
4650,4,4,3,4,5,4,3,3,3,3,1
2000,4,4,3,3,6,4,3,3,3,3,4
1293.3,4,4,3,4,2,3,3,3,3,3,1
1333.3,4,4,3,4,3,4,3,3,3,3,1
1594.3,4,3,2,3,2,4,3,3,3,3,2
428.57,4,3,2,2,4,2,3,3,3,3,4
2423.3,4,4,3,4,3,4,3,3,3,3,2
2360,4,4,3,4,3,4,3,3,3,3,3
2675,4,4,3,4,3,4,3,3,3,3,3
3333.3,4,4,3,4,7,3,3,3,3,3,1
1900,4,4,3,2,3,2,3,3,3,3,1
2375,4,4,3,3,5,3,3,3,3,3,4
2250,4,4,3,3,6,4,3,3,3,3,4
2000,4,4,2,4,4,3,3,3,3,3,4
2266.7,4,4,3,4,2,4,3,3,3,3,1
3466.7,4,3,3,4,5,4,3,3,3,3,3
933.33,4,3,3,2,4,4,3,3,3,3,4
2700,4,4,2,4,3,4,3,3,3,3,1
3333.3,4,4,3,4,5,4,3,3,3,3,1
983.33,4,4,3,3,5,4,3,3,3,3,2
1850,4,3,2,3,2,4,3,3,3,3,2
2200,4,3,3,3,4,4,3,3,3,3,4
1660,4,3,3,2,5,4,3,1,3,3,1
1032,4,4,3,3,4,4,3,1,3,3,3
2000,4,4,3,4,3,4,3,3,3,3,4
875,4,1,3,3,5,4,3,1,3,3,3
916.67,4,3,2,3,3,2,3,3,3,3,1
3920,4,4,3,4,5,4,3,3,3,3,1
6433.3,4,1,3,4,2,3,3,3,3,3,1
3285.7,4,4,3,3,6,3,3,3,3,3,4
7333.3,4,4,3,4,7,4,3,3,3,3,4
1150,4,4,2,2,4,4,3,3,3,3,4
3295,4,3,3,3,2,4,3,3,3,3,1
1433.3,4,4,2,4,3,4,3,3,3,3,3
3500,4,4,3,4,3,4,3,3,3,3,2
2500,4,4,3,3,4,4,3,3,3,3,4
2500,4,4,3,4,3,4,3,3,3,3,1
2500,4,4,3,4,5,4,3,3,3,3,4
3900,4,3,2,4,6,4,3,3,3,3,2
3133.3,4,4,3,4,7,4,3,3,3,3,2
5000,4,4,3,4,6,4,3,3,3,3,2
1165.8,4,3,2,1,3,4,3,3,3,3,2
966.67,4,4,3,3,4,4,3,3,3,3,3
2425,4,3,2,3,3,4,3,3,2,3,3
1060,4,4,3,3,6,3,3,3,3,3,2
2400,4,4,3,4,4,4,3,3,3,3,1
3300,4,4,3,4,5,4,3,3,3,3,1
4000,4,4,3,4,3,4,3,3,3,3,1
2000,4,4,3,3,7,4,3,3,3,3,2
2033.3,4,4,3,4,5,4,3,3,3,3,4
1837.5,4,4,3,3,2,4,3,3,3,3,1
3380,4,3,3,3,7,4,3,3,3,3,3
6000,4,4,3,4,6,4,3,3,3,3,3
1400,4,4,2,4,6,4,3,3,3,3,2
600,4,4,3,4,4,4,3,3,3,3,1
1118.2,4,4,2,2,3,4,3,3,3,3,2
7000,4,4,3,4,2,4,3,3,3,3,1
3000,4,4,3,4,5,4,3,3,3,3,3
1600,4,4,3,4,2,4,3,3,3,3,1
470,4,4,2,2,3,4,3,3,3,3,2
1150,4,4,3,4,3,2,3,3,3,3,2
1200,4,3,2,4,5,3,3,3,3,3,3
1320,4,1,2,4,4,3,3,3,3,3,1
2600,4,1,2,3,3,3,3,3,3,3,1
4750,4,4,3,4,7,4,3,3,3,3,3
2400,4,4,3,4,4,4,3,3,3,3,3
5050,4,4,3,4,6,4,3,3,3,3,3
2500,4,4,3,3,5,4,3,3,3,3,1
757.14,4,1,2,2,5,4,3,3,3,3,1
1437.5,4,3,3,3,4,4,3,3,3,3,4
5000,4,1,2,4,4,3,2,3,3,3,1
1142.9,4,4,3,2,4,4,3,3,3,3,4
5000,4,4,3,4,7,4,3,3,3,3,2
4250,4,4,3,4,3,4,3,3,3,3,2
2866.7,4,4,3,3,3,4,3,3,3,3,3
6666.7,4,4,3,4,6,4,3,3,3,3,4
721.67,4,4,3,4,3,2,3,3,3,3,1
1650,3,4,3,4,3,4,3,3,3,3,1
3000,4,4,2,4,2,4,3,3,3,3,1
1166.7,4,4,3,4,5,3,3,3,3,3,4
1047.8,4,4,3,1,3,4,3,3,3,3,4
3466.7,4,4,3,3,3,4,3,3,3,3,1
1320,4,3,2,3,2,4,2,3,3,3,3
2333.3,4,4,3,4,5,2,3,3,3,3,1
4666.7,4,4,2,4,2,2,3,3,3,3,1
1920,4,4,3,3,3,4,3,3,3,3,1
2000,4,4,2,4,5,3,3,3,3,3,2
1420,4,3,2,3,4,4,3,3,3,3,4
250,4,4,3,4,4,4,3,3,3,3,3
5333.3,4,3,2,4,3,3,3,3,3,3,4
3666.7,4,4,3,4,3,4,3,3,3,3,1
3360,4,4,3,3,3,4,3,3,3,3,1
1800,4,1,2,4,2,3,3,3,3,3,4
2875,4,4,3,3,4,4,3,3,3,3,3
1300,4,3,2,4,5,4,3,3,3,3,4
1966.7,4,4,3,4,3,4,3,3,3,3,2
2500,4,4,3,4,3,4,3,3,3,3,1
2280,4,4,3,4,3,4,3,3,3,3,1
635,4,4,3,3,5,4,3,3,3,3,2
4100,4,4,3,4,7,4,3,3,3,3,4
640,4,4,2,3,3,3,3,3,3,3,1
4100,4,3,3,3,4,4,3,3,3,3,4
1345,4,4,3,3,3,4,3,3,3,3,1
2175,4,3,3,4,3,4,3,3,3,3,2
913.33,4,4,3,3,5,4,3,3,3,3,3
1385,4,4,3,4,2,4,3,3,3,3,1
7200,4,4,3,4,6,4,3,3,3,3,2
989.67,4,3,2,1,5,4,3,3,3,3,4
748,4,3,3,3,2,4,3,3,3,3,1
1500,4,4,3,3,5,4,3,3,3,3,4
5166.7,4,4,3,4,3,4,3,3,3,3,3
2950,4,4,3,4,4,4,3,3,3,3,1
2402,4,4,3,4,4,4,3,3,3,3,1
3625,4,4,3,3,7,4,3,3,3,3,4
1980,4,4,3,3,7,4,3,3,3,3,2
5000,4,4,3,4,5,4,3,3,3,3,4
800,4,4,3,4,7,4,3,3,3,3,4
4000,4,4,3,4,4,4,3,3,3,3,4
666.67,4,3,2,2,1,3,3,1,3,3,1
1150,4,3,3,4,2,2,3,3,3,3,1
2633.3,4,4,3,4,3,4,3,3,3,3,1
2700,4,3,3,4,2,4,3,3,3,3,1
912.5,4,4,3,3,4,4,3,3,3,3,3
1100,4,3,2,4,7,4,3,3,3,3,2
2075,4,4,2,3,5,4,3,3,3,3,3
8000,4,4,3,4,2,4,3,3,3,3,1
1200,4,4,2,3,3,4,3,3,3,3,1
9000,4,4,3,4,7,4,3,3,3,3,2
3750,4,4,3,4,5,4,3,3,3,3,4
5800,4,4,3,3,7,4,3,3,3,3,4
1450,4,4,2,2,5,4,3,3,3,3,4
4950,4,3,3,3,7,4,3,3,3,3,4
3100,4,4,3,4,5,4,3,3,3,3,4
2125,4,4,3,3,5,3,3,3,3,3,1
6500,4,4,3,4,5,4,3,3,3,3,4
2500,4,4,3,4,5,4,3,3,3,3,2
2200,4,4,3,3,7,4,3,3,3,3,4
1866.7,4,3,3,4,3,4,3,3,3,3,1
2333.3,4,4,3,4,4,4,3,3,3,3,4
875,4,4,3,3,7,4,3,3,3,3,2
2200,4,4,3,3,5,4,3,3,3,3,4
3050,4,4,3,4,3,4,3,3,3,3,4
900,3,4,3,4,5,4,3,3,3,3,1
3166.7,4,3,3,4,3,4,3,3,3,3,3
2120,4,4,3,4,4,4,3,3,3,3,4
9750,4,4,3,4,4,3,3,3,3,3,3
1087.5,4,4,3,1,5,4,3,3,3,3,4
2266.7,4,3,2,4,4,4,2,3,3,3,4
2400,4,4,3,3,7,4,3,3,3,3,2
3350,4,4,3,3,5,3,3,3,3,3,2
2833.3,4,4,3,2,7,4,3,3,3,3,4
1100,4,4,3,4,2,3,3,3,3,3,1
2666.7,4,4,3,3,6,4,3,3,3,3,3
1400,4,4,3,4,3,4,3,3,3,3,1
2166.7,4,4,3,3,7,4,3,3,3,3,3
2100,4,4,3,4,3,4,3,3,3,3,1
3650,4,4,2,4,2,3,3,3,3,3,1
1280,4,4,2,3,3,3,3,1,3,3,4
625,4,3,3,3,4,4,3,3,3,3,4
2416.7,4,4,3,2,5,4,3,3,3,3,4
1200,4,4,3,2,5,4,3,3,3,3,4
4000,4,4,3,3,5,4,3,3,3,3,4
2200,4,4,3,4,2,4,3,3,3,3,1
7000,4,4,3,4,7,2,3,3,3,3,1
733.33,4,4,2,4,5,3,3,3,3,3,2
1500,4,4,3,3,5,4,3,3,3,3,3
1233.3,4,3,3,4,5,4,3,3,3,3,3
925,4,4,3,3,3,4,3,3,3,3,4
2400,4,4,3,4,4,4,3,3,3,3,4
2300,4,3,3,4,4,4,3,3,3,3,1
1300,4,4,3,3,3,2,3,3,3,3,4
3000,4,4,3,3,4,4,3,3,3,3,4
633.33,4,4,3,2,4,4,3,3,3,3,4
3071.4,4,4,3,3,7,3,3,3,3,3,2
1800,4,4,3,4,3,4,3,3,3,3,1
4200,4,4,3,4,7,4,3,3,3,3,1
182.5,4,4,3,1,5,4,3,3,3,3,4
408,4,3,2,3,2,3,3,3,3,3,2
1900,4,4,3,3,7,4,3,3,3,3,2
3000,4,4,2,4,3,4,3,3,3,3,1
6666.7,4,4,3,4,7,4,3,3,3,3,4
3125,4,3,3,3,5,4,3,3,3,3,3
1306.3,4,4,2,3,3,4,3,3,3,3,1
2000,4,4,3,4,5,4,3,3,3,3,4
3950,4,4,2,4,2,4,3,3,3,3,1
2000,4,4,3,4,5,4,3,3,3,3,4
1500,4,4,3,4,6,4,3,3,3,3,2
2125,4,4,3,3,5,4,3,3,3,3,4
3000,4,4,3,4,3,4,3,3,3,3,4
1200,4,3,2,4,4,4,3,3,3,3,1
2400,4,4,3,4,3,4,3,3,3,3,1
7000,4,4,3,4,7,3,3,3,3,3,4
700,4,4,3,3,5,3,3,3,3,3,4
900,4,4,3,3,4,3,3,3,3,3,3
2400,4,4,3,4,3,4,3,3,3,3,1
1360,3,2,2,2,5,2,2,3,3,3,1
2258.3,4,4,3,3,3,4,3,3,3,3,1
1825,4,4,3,3,5,4,3,3,3,3,3
1400,4,4,3,4,3,4,3,3,3,3,2
2050,4,4,3,4,2,4,3,3,3,3,1
22000,4,4,3,4,7,4,3,3,3,3,3
3283.3,4,4,3,3,5,4,3,3,3,3,2
2250,4,4,3,4,7,4,3,3,3,3,2
3250,4,4,3,4,5,4,3,3,3,3,1
1500,4,4,2,4,4,2,3,3,3,3,4
755.56,4,4,3,2,3,4,3,3,3,3,1
3000,4,4,3,4,6,4,3,3,3,3,3
3000,4,4,3,4,7,4,3,3,3,3,4
820,4,1,2,3,2,2,3,3,3,3,4
875,4,4,3,3,5,4,3,3,3,3,2
1750,4,4,3,3,5,4,3,3,3,3,1
2000,4,4,3,4,3,4,3,3,3,3,3
3500,4,4,3,4,2,4,3,3,3,3,2
3066.7,4,4,2,4,5,4,3,3,3,3,2
2975,4,4,3,3,3,4,3,3,3,3,4
2400,4,4,3,4,3,3,3,3,3,3,1
1633.3,4,1,3,2,2,4,3,3,3,3,3
2750,4,4,3,3,5,4,3,3,3,3,3
2175,4,4,3,3,5,4,3,3,3,3,2
1950,4,4,3,4,4,4,3,3,3,3,1
580,4,3,3,2,2,4,3,3,3,3,2
2925,4,4,3,3,5,3,3,3,3,3,4
2500,4,4,3,4,3,4,3,3,3,3,1
1650,4,4,3,3,3,4,3,3,3,3,4
3000,4,4,3,4,5,4,3,3,3,3,4
6000,4,4,3,4,5,4,3,3,3,3,1
1250,4,4,3,3,5,3,3,3,3,3,4
7000,4,4,3,3,5,3,3,3,3,2,3
1014.3,4,1,2,1,4,2,3,3,3,3,1
3000,4,4,3,4,3,3,3,3,3,3,2
2500,4,4,3,3,5,4,3,3,3,3,3
750,4,4,3,2,3,4,3,3,3,3,3
20000,4,4,3,4,7,4,3,3,3,3,3
2275,4,3,3,1,5,4,3,2,3,3,1
887.5,4,1,2,4,3,2,3,3,3,3,3
1800,4,4,3,4,4,4,3,3,3,3,3
5250,4,4,3,4,6,4,3,3,3,3,3
3892.5,4,4,2,4,5,4,3,3,3,3,2
2500,4,4,3,3,2,4,3,3,3,3,1
2233.3,4,4,3,4,4,3,3,3,3,3,3
3900,4,4,3,4,5,4,3,3,3,3,3
3000,4,4,3,4,3,4,3,3,3,3,1
1162.5,4,4,3,2,4,4,3,3,3,3,1
2970,4,3,3,2,3,4,2,3,3,3,1
8000,4,4,3,4,5,4,3,3,3,3,3
6800,4,4,3,4,3,4,3,3,3,3,3
5450,4,3,2,4,5,2,3,3,3,3,4
3400,4,4,3,3,5,4,3,3,3,3,3
2166.7,4,4,3,2,7,4,3,3,3,3,2
2933.3,4,4,3,4,7,4,3,3,3,3,2
1500,4,3,3,3,5,4,3,3,3,3,2
2600,4,3,3,3,7,4,3,3,3,3,4
1800,4,4,3,3,4,4,3,3,3,3,2
1375.2,4,4,2,1,2,4,3,3,3,3,2
2000,4,3,2,4,2,4,3,3,3,3,1
775,3,3,2,3,4,4,3,3,3,3,1
3500,4,4,3,3,3,4,3,3,3,3,2
1500,4,4,3,4,3,4,3,3,3,3,1
2000,4,4,3,4,6,4,3,3,3,3,4
4350,4,4,3,4,6,4,3,3,3,3,3
1750,4,4,3,4,7,4,3,3,3,3,1
2273.6,4,4,3,4,7,4,3,3,3,3,1
2700,4,4,3,4,5,4,3,3,3,3,2
1400,4,4,3,4,5,2,3,3,3,3,1
2500,4,4,3,3,7,4,3,3,3,3,4
1500,4,4,3,4,5,4,3,3,3,3,2
2400,4,4,3,4,3,4,3,3,3,3,1
1675,4,4,3,4,7,4,3,3,3,3,2
3000,4,4,3,4,7,4,3,3,3,3,1
1750,4,4,2,3,4,4,3,3,3,3,3
6600,4,4,3,4,4,3,3,3,3,3,2
2333.3,4,4,2,4,7,3,3,3,3,3,2
1414,4,3,2,3,5,4,3,3,3,3,4
1075,4,4,3,4,7,4,3,3,3,3,2
3000,4,1,2,4,3,3,3,3,3,3,2
5500,4,4,3,4,4,4,3,3,3,3,4
2300,4,4,3,4,2,4,3,3,3,3,1
660,4,4,3,3,4,3,3,3,3,3,4
550,4,3,2,1,7,2,3,3,3,3,3
825,4,4,3,3,5,4,3,3,3,3,1
5300,4,4,3,4,5,4,3,3,3,3,4
4166.7,4,4,3,4,7,4,3,3,3,3,2
1600,4,4,2,4,3,4,3,3,3,3,1
2566.7,4,4,3,4,5,4,3,3,3,3,1
2750,4,4,3,4,6,4,3,3,3,3,1
666.67,4,4,3,4,3,4,3,3,3,3,2
1500,4,4,3,4,5,4,3,3,3,3,1
1820,4,4,3,3,3,4,3,3,3,3,3
7500,4,4,3,3,7,4,3,3,3,3,3
1250,4,4,3,3,7,4,3,3,3,3,3
2000,4,4,3,4,4,2,3,3,3,3,1
2400,4,4,3,4,4,4,3,3,3,3,1
7500,4,4,3,3,7,4,3,3,3,3,1
2912.5,4,3,2,4,3,2,3,3,3,3,4
7500,4,4,3,4,6,4,3,3,3,3,2
2550,4,4,3,4,3,4,3,3,3,3,1
954.5,4,4,2,1,2,2,3,3,3,3,2
870,3,3,3,4,4,4,3,3,3,3,1
6100,4,4,3,4,7,3,3,3,3,3,3
2833.3,4,4,2,4,7,4,3,3,3,3,4
6000,4,4,3,4,7,4,3,3,3,3,3
2400,4,4,3,4,4,4,3,3,3,3,1
4000,4,4,3,4,5,4,3,3,3,3,4
2100,4,4,3,4,3,4,3,3,3,3,1
1666.7,4,4,3,4,5,4,3,3,3,3,4
1600,4,4,3,3,2,4,3,3,3,3,1
2100,4,4,3,4,5,4,3,3,3,3,3
1800,4,3,2,4,5,2,3,3,3,3,3
1825,4,4,3,3,2,4,3,3,3,3,1
1250,4,4,3,4,3,4,3,3,3,3,2
1250,4,4,3,4,2,4,3,3,3,3,1
900,4,4,2,4,6,4,3,3,3,3,2
2500,4,3,3,4,1,2,3,3,3,3,1
1800,4,4,3,4,4,3,3,3,3,3,2
1000,4,4,3,4,3,3,3,3,3,3,1
5000,4,4,3,4,5,4,3,3,3,3,1
2700,4,4,3,3,6,4,3,3,3,3,3
933.33,4,3,2,3,3,4,3,3,3,3,1
396.67,4,1,3,3,3,2,3,3,3,3,4
2250,4,4,2,3,4,4,3,3,3,3,4
533.33,1,1,2,3,3,1,3,3,3,3,2
785,4,1,3,4,5,2,3,3,3,3,2
1666.7,4,4,3,4,5,4,3,3,3,3,3
3000,4,4,3,3,4,4,3,3,3,3,4
2050,4,4,3,4,4,4,3,3,3,3,2
3500,4,3,3,4,7,4,3,3,3,3,1
3233.3,4,3,3,4,3,4,3,3,3,3,4
1175,4,4,3,3,4,4,3,3,3,3,1
3000,4,4,3,4,7,4,3,3,3,3,2
6000,4,4,3,4,6,4,3,3,3,3,4
2425,4,3,3,3,7,4,3,3,3,3,4
3500,4,4,3,4,5,4,3,3,3,3,4
2400,4,4,3,4,6,3,3,3,3,3,3
2350,4,4,2,4,3,4,3,3,3,3,1
1900,4,4,3,4,7,4,3,3,3,3,2
2766.7,4,4,3,4,4,4,3,3,3,3,1
1078.3,4,4,3,3,5,4,3,3,3,3,2
1950,4,4,3,4,6,4,3,3,3,3,4
1800,4,4,3,4,3,2,3,3,3,3,1
2000,4,4,3,4,6,4,3,3,3,3,1
11750,4,4,3,4,7,4,3,3,3,3,3
2133.3,4,4,3,4,3,3,3,1,3,3,1
800,4,4,3,4,6,4,3,3,3,3,1
5800,4,4,3,4,5,3,3,3,3,3,1
1000,4,4,3,4,2,4,3,3,3,3,4
1900,4,4,3,3,5,4,3,3,3,3,4
2500,4,4,3,4,6,4,3,3,3,3,3
7000,4,4,3,4,5,4,3,3,3,3,1
1216.7,4,3,3,3,5,4,3,3,3,3,3
2740,4,4,3,4,5,2,3,3,3,3,2
187.5,4,4,3,3,5,4,3,3,3,3,1
1200,4,4,3,3,3,4,3,3,3,3,1
3000,4,3,3,3,7,4,3,3,3,3,3
1500,1,1,2,4,3,2,3,3,3,3,3
2000,4,4,3,4,6,4,3,3,3,3,4
3000,4,4,3,4,7,3,3,3,3,3,3
2625,4,4,3,4,6,4,3,3,3,3,4
2833.3,4,4,3,3,5,3,3,3,3,3,2
3350,4,4,3,4,3,4,3,3,3,3,1
3000,4,4,3,4,5,4,3,3,3,3,3
1567.8,4,4,3,3,7,4,3,3,3,3,3
925,4,3,3,3,4,4,3,3,3,3,4
1842,4,4,3,3,4,4,3,3,3,3,4
2600,4,4,3,3,5,4,3,3,3,3,4
1200,4,4,2,4,3,3,3,3,3,3,4
3500,4,4,3,4,7,4,3,3,3,3,1
1500,4,4,3,3,4,4,3,3,3,3,1
1500,4,4,3,4,5,4,3,3,3,3,1
1630,4,1,3,3,3,3,3,3,3,3,4
2020,4,4,2,4,3,2,3,3,3,3,3
3250,4,4,3,3,3,4,3,3,3,3,4
2320,4,3,3,4,2,4,3,3,3,3,1
2262.5,4,1,2,3,3,3,3,3,3,3,1
4050,4,4,3,4,3,3,3,3,3,3,1
5000,4,4,3,4,6,4,3,3,3,3,1
6233.3,4,4,3,4,7,4,3,3,3,3,3
7050,4,3,3,4,7,4,3,3,3,3,2
6000,4,4,3,4,7,4,3,3,3,3,2
1000,4,4,3,4,5,4,3,3,3,3,1
2150,4,4,3,3,5,4,3,3,3,3,3
3750,4,3,3,4,7,4,3,3,3,3,4
4400,4,4,3,4,7,4,3,3,3,3,3
1333.3,4,4,3,3,5,4,3,3,3,3,1
2300,4,4,3,4,3,4,3,3,3,3,1
1400,4,4,3,4,5,4,3,3,3,3,2
4500,4,4,3,4,6,4,3,3,3,3,3
6000,4,4,2,4,5,4,3,3,3,3,1
2400,4,4,3,3,6,3,3,3,3,3,4
875,4,3,2,4,7,3,3,3,3,3,4
5250,4,3,3,4,5,4,3,3,3,3,4
766.67,4,4,3,4,3,4,3,3,3,3,1
2633.3,4,4,3,4,6,4,3,3,3,3,4
5150,4,4,2,4,6,4,3,3,3,3,4
2100,3,4,3,4,7,4,3,3,3,3,1
1875,4,4,3,3,4,4,3,3,3,3,4
600,1,1,2,2,4,2,3,3,3,3,4
1320,4,4,2,4,4,4,3,3,3,3,3
1668,4,4,3,2,4,4,3,3,3,3,4
1600,4,4,3,3,5,4,3,3,3,3,4
5100,4,4,3,4,7,4,3,3,3,3,1
6250,4,4,3,4,7,4,3,3,3,3,2
342.86,3,1,3,2,4,2,3,3,3,3,1
6250,4,4,3,4,3,4,3,3,3,3,1
7500,4,4,3,4,7,4,3,3,3,3,3
2375,4,3,3,4,7,3,3,3,3,3,4
2433.3,4,4,2,3,6,3,3,3,3,3,3
8750,4,4,3,4,6,3,3,3,3,3,3
4666.7,4,3,3,4,6,4,3,3,3,3,3
1075,4,4,3,4,3,4,3,3,3,3,3
2500,4,4,3,4,3,3,3,3,3,3,3
3650,4,4,3,4,7,4,3,3,3,3,2
2000,4,4,3,4,5,4,3,3,3,3,3
2200,4,4,3,4,4,4,3,3,3,3,4
1875,4,4,3,4,7,4,3,3,3,3,2
2800,4,4,3,4,7,3,3,3,3,3,1
2500,4,4,2,4,5,4,3,3,3,3,2
1800,4,4,3,3,6,4,3,3,3,3,3
588.89,1,1,2,1,3,2,2,3,1,3,3
6500,4,4,3,4,7,4,3,3,3,3,3
1248,4,4,2,3,5,3,3,3,3,3,4
2333.3,4,3,3,4,5,4,3,3,3,3,1
5833.3,4,4,3,4,7,4,3,3,3,3,1
2160,4,3,3,4,4,3,3,2,3,3,3
1600,4,3,2,3,2,4,3,3,3,3,3
6333.3,4,4,3,3,6,4,3,3,3,3,1
2900,4,3,3,4,7,4,3,3,3,3,4
4000,4,4,2,4,5,4,3,1,2,3,4
8850,4,4,3,4,5,4,3,3,3,3,1
2666.7,4,4,3,4,4,4,3,3,3,3,3
2500,4,4,3,4,6,4,3,3,3,3,4
2000,4,4,3,4,2,4,3,3,3,3,1
2500,4,3,3,4,7,4,3,3,3,3,3
1493.3,4,4,3,4,6,4,3,3,3,3,2
5666.7,4,4,3,4,7,4,3,3,3,3,4
2400,4,4,3,4,3,4,3,3,3,3,1
6133.3,4,4,3,4,5,4,3,3,3,3,4
4333.3,3,4,3,4,5,4,3,3,3,3,1
2786.7,4,4,2,3,4,4,3,3,3,3,2
4666.7,4,4,3,4,6,4,3,3,3,3,2
4400,4,4,3,4,4,4,3,3,3,3,4
1000,4,4,2,3,4,4,3,3,3,3,4
2833.3,4,3,3,4,3,4,3,3,3,3,1
14500,4,3,3,4,7,4,3,3,3,3,3
633.33,4,1,2,2,2,2,3,3,3,3,2
2875,2,4,3,4,7,4,3,3,3,3,4
1250,4,1,2,3,3,3,3,3,3,3,3
4000,4,4,3,4,6,4,3,3,3,3,2
1900,4,1,2,4,3,2,3,3,3,3,1
1000,4,1,3,4,4,3,3,3,3,3,1
954.55,4,2,2,1,3,4,3,3,3,3,2
1200,4,4,3,3,3,4,3,3,3,3,2
2500,4,4,3,3,3,4,3,3,3,3,1
4333.3,4,4,3,4,7,4,3,3,3,3,2
1500,4,4,3,4,7,4,3,3,3,3,1
1125,4,1,2,3,3,3,3,3,3,3,4
1140,4,4,3,2,5,4,3,3,3,3,4
1090,4,4,3,4,3,4,3,3,3,3,3
3500,4,4,3,4,4,3,3,3,3,3,2
5275,4,3,3,3,3,4,3,3,3,3,2
2300,4,4,2,3,4,2,3,3,3,3,4
6500,4,4,3,4,6,4,3,3,3,3,4
1629.2,4,4,3,3,4,3,3,3,3,3,2
2360,4,4,3,3,3,2,3,3,3,3,1
3666.7,4,4,3,4,4,3,3,3,3,3,1
7600,4,4,3,3,7,3,3,3,3,3,3
3833.3,4,4,3,4,3,4,3,3,3,3,4
7000,4,4,3,4,4,4,3,3,3,3,4
4000,4,4,3,4,7,4,3,3,3,3,3
4362.5,4,4,3,4,4,4,3,3,3,3,1
3480,4,4,3,4,3,4,3,3,3,3,1
1500,4,4,3,4,7,4,3,3,3,3,3
2000,4,4,3,3,5,4,3,3,3,3,3
1200,4,4,3,4,6,4,3,3,3,3,1
9250,4,4,3,4,7,4,3,3,3,3,4
818,4,4,3,3,3,4,3,3,3,3,2
3650,4,4,3,3,3,4,3,3,3,3,1
833.33,4,4,3,3,3,4,3,3,3,3,4
374,4,4,3,2,3,4,3,3,3,3,2
3000,4,3,3,4,6,4,3,3,3,3,2
1500,4,4,2,4,4,4,3,3,3,3,2
1137.5,4,1,2,3,3,4,3,3,3,3,3
6000,4,4,3,4,7,4,3,3,3,3,1
3625,4,4,3,4,6,4,3,3,3,3,2
528.33,4,4,3,3,3,4,3,3,3,3,2
812,4,4,3,3,5,4,3,3,3,3,3
10000,4,4,3,4,7,4,3,3,3,3,3
2850,4,4,3,4,3,4,3,3,3,3,1
6750,4,4,3,4,7,4,3,3,3,3,4
1440,4,4,3,4,5,4,3,3,3,3,4
3120,4,4,3,3,4,2,3,3,3,3,3
1875,4,4,3,4,6,2,3,3,3,3,4
2425,4,4,3,3,3,4,3,3,3,3,1
3750,4,4,3,4,2,4,3,3,3,3,1
4200,4,4,3,4,5,4,3,3,3,3,1
1250,4,4,3,4,6,4,3,3,3,3,3
733.33,4,4,3,2,2,4,3,3,3,3,4
1316.7,4,4,3,2,3,4,3,3,3,3,4
356.67,4,4,3,4,2,4,3,3,3,3,2
4000,4,4,3,4,7,4,3,3,3,3,3
1875,4,4,3,3,3,3,3,3,3,3,1
5400,4,4,3,4,5,4,3,3,3,3,1
2070,4,4,3,4,3,2,3,3,3,3,1
6000,4,4,3,4,5,4,3,3,3,3,4
2450,4,4,3,4,3,4,3,3,3,3,1
3000,4,4,3,4,2,3,3,3,3,3,1
6750,4,4,2,4,5,4,3,3,3,3,1
992.5,4,4,3,4,4,4,3,3,3,3,1
2425,4,4,3,4,5,4,3,3,3,3,1
2874,4,3,3,4,4,4,3,3,3,3,1
833.33,4,4,3,4,3,4,3,3,3,3,2
1640,4,4,3,3,5,4,3,3,3,3,3
1070,4,4,2,4,4,3,3,3,3,3,1
2300,4,4,3,4,6,4,3,3,3,3,1
3333.3,4,4,2,4,3,4,3,3,3,3,1
1600,4,4,3,4,3,4,3,3,3,3,1
4375,4,4,3,4,2,2,3,3,3,3,4
2833.3,3,4,3,4,5,4,3,3,3,3,3
2950,4,3,3,4,5,4,3,3,3,3,1
2357.1,4,4,3,2,3,4,3,3,3,3,1
6000,4,4,3,4,7,2,3,3,3,3,3
1422.5,4,2,3,3,2,2,3,3,3,3,1
1470,4,4,3,4,3,4,3,3,3,3,2
3500,4,4,3,4,5,4,3,3,3,3,1
1250,4,4,3,4,3,3,3,3,3,3,4
2000,4,4,3,4,7,3,3,3,3,3,3
3750,4,4,1,3,5,4,3,3,3,3,2
4333.3,4,4,3,4,3,4,3,3,3,3,3
1350,4,4,3,4,3,4,3,3,3,3,2
2850,4,4,3,4,3,4,3,3,3,3,1
2666.7,4,4,3,4,7,2,3,3,3,3,4
700,4,3,2,3,2,4,3,3,3,3,3
2000,4,3,3,4,5,4,3,3,3,3,3
4666.7,4,4,3,3,7,4,3,3,3,3,2
1467,4,3,3,3,4,4,3,3,3,3,3
2933.3,4,4,3,3,7,3,3,3,3,3,3
1766.7,4,1,3,4,3,3,3,3,3,3,4
3000,4,4,3,4,6,4,3,3,3,3,2
1683.3,4,2,3,3,3,4,3,3,3,3,3
3550,4,4,3,4,5,4,3,3,3,3,2
3200,2,4,3,4,7,4,3,3,3,3,4
1500,4,4,3,3,4,4,3,3,3,3,1
4666.7,4,4,3,4,5,4,3,3,3,3,2
3800,4,4,3,4,3,4,3,3,3,3,1
2100,4,3,2,4,3,4,3,3,3,3,4
1485,4,4,3,3,5,4,3,3,3,3,4
1122.7,4,4,2,2,3,4,3,3,3,3,4
1883.3,4,3,2,4,2,3,3,3,3,3,1
5600,4,4,3,4,4,3,3,3,3,3,2
2500,4,4,3,4,2,4,3,3,3,3,1
3000,4,4,3,3,7,4,3,3,3,3,4
1417.5,4,4,3,2,2,4,3,3,3,3,3
1550,4,3,3,4,5,4,3,3,3,3,1
2300,4,3,3,4,3,4,3,3,3,3,1
933.33,4,4,3,4,1,3,3,3,3,3,2
5000,4,3,3,4,5,4,3,3,3,3,4
662.5,4,4,2,3,3,4,3,3,3,3,4
1000,4,4,3,3,5,4,3,3,3,3,3
8750,4,4,3,4,5,4,3,3,3,3,1
7000,4,4,3,4,7,4,3,3,3,3,2
2900,4,4,3,4,3,4,3,3,3,3,2
2550,4,4,3,4,6,3,3,3,3,3,1
5860,4,4,2,3,7,3,3,3,3,3,1
2633.3,4,4,3,3,4,4,3,3,3,3,4
2000,4,4,3,4,5,4,3,3,3,3,4
2375,4,4,3,4,5,4,3,3,3,3,4
2000,4,4,3,4,6,4,3,3,3,3,1
6000,4,4,3,4,2,4,3,3,3,3,1
2333.3,4,4,3,4,5,4,3,3,3,3,4
4835,4,4,3,4,4,4,3,3,3,3,1
1450,4,4,2,3,2,3,3,3,3,3,1
2207.1,4,4,3,4,7,3,3,3,3,3,2
2132,4,1,3,4,3,2,3,3,3,3,1
4800,4,1,3,4,3,2,3,3,3,3,1
2866.7,4,4,3,4,3,4,3,3,3,3,1
1500,4,4,3,3,3,4,3,3,3,3,4
5400,4,4,3,4,7,4,3,3,3,3,3
425,4,4,3,2,2,4,3,3,3,3,1
514.29,4,3,2,2,3,2,3,3,3,3,2
2000,4,4,3,4,7,4,3,3,3,3,3
1800,4,4,3,4,7,4,3,3,3,3,4
2350,4,4,3,4,7,4,3,3,3,3,2
7767.5,4,4,3,4,7,4,3,3,3,3,3
5000,4,4,3,4,7,4,3,3,3,3,2
3880,4,3,3,4,5,4,3,3,3,3,1
3750,4,4,3,4,6,4,3,3,3,3,2
2250,4,4,3,4,3,4,3,3,3,3,1
8750,4,4,3,4,6,4,3,3,3,3,1
6600,4,4,3,4,7,4,3,3,3,3,1
3500,4,3,3,4,5,4,3,3,3,3,1
9400,4,4,3,4,7,2,3,3,3,3,3
2500,4,4,3,3,5,4,3,3,3,3,4
1333.3,4,4,2,4,3,4,3,3,3,3,1
3333.3,4,4,3,4,5,4,3,3,3,3,3
3360,4,4,3,3,5,3,3,3,3,3,2
6000,4,3,3,4,5,2,3,3,3,3,4
1000,4,3,2,4,3,4,3,3,3,3,4
1400,4,4,2,2,4,4,3,3,3,3,4
2500,4,4,3,4,4,4,3,3,3,3,2
1880,4,4,3,3,6,4,3,3,3,3,4
4133.3,4,4,3,4,5,4,3,3,3,3,3
5000,4,4,3,4,7,4,3,3,3,3,1
686.67,4,2,2,3,3,3,3,3,3,3,1
2300,4,4,3,4,2,4,3,3,3,3,1
2173.3,4,4,3,3,3,4,3,3,3,3,1
38900,4,4,3,4,7,4,3,3,3,3,4
761.11,4,1,2,1,3,2,3,3,3,3,4
1100,4,1,3,4,5,3,3,3,3,3,4
576,1,1,2,1,1,2,3,3,3,3,2
1975,4,4,3,4,5,2,3,3,3,3,1
5700,4,4,2,4,4,4,3,1,3,3,3
4166.7,4,4,3,4,5,4,3,3,3,3,1
2200,4,4,3,4,3,3,3,3,3,3,1
5800,4,4,3,4,5,4,3,2,3,3,1
1333.3,4,1,2,3,2,4,3,3,3,3,1
1400,4,4,2,2,5,4,3,3,3,3,1
3172.5,4,4,3,4,5,4,3,3,3,3,1
2500,4,4,2,4,6,4,3,1,2,3,1
4200,4,3,3,4,3,4,3,2,3,3,1
2333.3,4,3,3,3,3,4,3,3,3,3,2
4166.7,4,4,3,4,7,4,3,3,3,3,1
2200,4,4,3,4,2,4,3,3,3,3,1
7000,4,3,3,4,7,4,3,3,3,3,1
5000,4,4,3,4,5,4,3,3,3,3,1
2620,4,3,3,3,5,3,3,3,3,3,4
825,4,4,3,3,3,4,3,3,3,3,2
3333.3,4,4,3,4,2,4,3,3,3,3,1
2356.7,4,4,2,4,2,4,3,3,3,3,3
2000,4,4,3,4,7,3,3,3,3,3,4
7500,4,4,3,4,6,4,3,3,3,3,3
1212.5,4,4,3,3,5,3,3,3,3,3,1
6200,4,4,3,4,7,4,3,3,3,3,3
1400,4,4,2,4,5,3,3,3,3,3,2
3250,4,3,3,4,5,4,3,3,3,3,2
4500,4,4,2,4,3,4,3,3,3,3,4
1400,4,3,3,3,4,4,3,3,3,3,1
3500,4,4,3,3,6,4,3,3,3,3,3
2250,4,4,3,4,6,4,3,3,3,3,2
2000,4,3,3,4,3,3,3,3,3,3,4
2166.7,4,4,3,4,4,4,3,3,3,3,3
900,4,4,3,4,7,4,3,3,3,3,1
5000,4,4,3,4,6,4,3,3,3,3,4
3333.3,4,4,3,4,4,4,3,3,3,3,4
1583.3,4,4,3,3,6,4,3,3,3,3,2
1600,4,4,3,4,5,4,3,3,3,3,2
1462.9,4,1,2,3,4,4,3,3,3,3,3
2350,4,4,3,3,4,4,3,3,3,3,2
2066.7,4,4,3,4,3,4,3,3,3,3,2
1800,4,4,3,4,5,4,3,3,3,3,2
666.67,4,4,3,4,4,4,3,3,3,3,4
